{
    "measurements": {
        "left_ankle_wrap": 0.17792806,
        "left_arch_height": 0.012645712,
        "left_back_arch_gap_90": 0.00881061,
        "left_ball_girth": 0.1929664,
        "left_bauer_fit": 0.38190016,
        "left_forefoot_height": 0.026693285,
        "left_heel_to_ball": 0.14239585,
        "left_heel_width": 0.049719542,
        "left_height_80": 0.026693285,
        "left_height_90": 0.020212771,
        "left_instep_girth": 0.18864755,
        "left_instep_height": 0.048490856,
        "left_lateral_half_width": 0.045776326,
        "left_lateral_half_width_44": 0.032717988,
        "left_lateral_half_width_50": 0.035508011,
        "left_lateral_half_width_58": 0.040240861,
        "left_lateral_half_width_66": 0.044978648,
        "left_lateral_half_width_74": 0.045429457,
        "left_lateral_half_width_82": 0.043314271,
        "left_lateral_half_width_90": 0.02909461,
        "left_length": 0.19570747,
        "left_medial_half_width": 0.031223513,
        "left_medial_half_width_44": 0.031464215,
        "left_medial_half_width_50": 0.031609856,
        "left_medial_half_width_58": 0.030179605,
        "left_medial_half_width_66": 0.029983062,
        "left_medial_half_width_74": 0.031141764,
        "left_medial_half_width_82": 0.029761115,
        "left_medial_half_width_90": 0.030466946,
        "left_plastic_height": 0.15240976,
        "left_short_heel_girth": 0.25575697,
        "left_waist_girth": 0.18954375,
        "left_waist_lateral_half_width": 0.031401869,
        "left_width": 0.076999843,
        "right_ankle_wrap": 0.17779112,
        "right_arch_height": 0.011574944,
        "right_back_arch_gap_90": 0.008975802,
        "right_ball_girth": 0.19288681,
        "right_bauer_fit": 0.38249272,
        "right_forefoot_height": 0.02630928,
        "right_heel_to_ball": 0.15695739,
        "right_heel_width": 0.047574986,
        "right_height_80": 0.02630928,
        "right_height_90": 0.01991328,
        "right_instep_girth": 0.18736082,
        "right_instep_height": 0.046668403,
        "right_lateral_half_width": 0.045625478,
        "right_lateral_half_width_44": 0.034079209,
        "right_lateral_half_width_50": 0.03658526,
        "right_lateral_half_width_58": 0.040390719,
        "right_lateral_half_width_66": 0.045239013,
        "right_lateral_half_width_74": 0.045517381,
        "right_lateral_half_width_82": 0.04321092,
        "right_lateral_half_width_90": 0.029029919,
        "right_length": 0.19622687,
        "right_medial_half_width": 0.031932097,
        "right_medial_half_width_44": 0.030867,
        "right_medial_half_width_50": 0.030874163,
        "right_medial_half_width_58": 0.029953243,
        "right_medial_half_width_66": 0.030143755,
        "right_medial_half_width_74": 0.031402972,
        "right_medial_half_width_82": 0.032236665,
        "right_medial_half_width_90": 0.032258097,
        "right_plastic_height": 0.15169743,
        "right_short_heel_girth": 0.25242344,
        "right_waist_girth": 0.19139057,
        "right_waist_lateral_half_width": 0.032934442,
        "right_width": 0.077557579
    },
    "size_gender": "female"
}