{
    "measurements": {
        "left_ankle_wrap": 0.22882268,
        "left_arch_height": 0.018905707,
        "left_back_arch_gap_90": 0.0063642915,
        "left_ball_girth": 0.24453893,
        "left_bauer_fit": 0.483052,
        "left_forefoot_height": 0.035661079,
        "left_heel_to_ball": 0.22018798,
        "left_heel_width": 0.061091691,
        "left_height_80": 0.035661079,
        "left_height_90": 0.028558193,
        "left_instep_girth": 0.25724453,
        "left_instep_height": 0.0692841,
        "left_lateral_half_width": 0.05565232,
        "left_lateral_half_width_44": 0.047854912,
        "left_lateral_half_width_50": 0.051395725,
        "left_lateral_half_width_58": 0.055340435,
        "left_lateral_half_width_66": 0.055208147,
        "left_lateral_half_width_74": 0.052084904,
        "left_lateral_half_width_82": 0.041453097,
        "left_lateral_half_width_90": 0.027633959,
        "left_length": 0.2757827,
        "left_medial_half_width": 0.039906085,
        "left_medial_half_width_44": 0.035251662,
        "left_medial_half_width_50": 0.035835139,
        "left_medial_half_width_58": 0.036422826,
        "left_medial_half_width_66": 0.0367908,
        "left_medial_half_width_74": 0.0387177,
        "left_medial_half_width_82": 0.041568868,
        "left_medial_half_width_90": 0.04368994,
        "left_plastic_height": 0.15351112,
        "left_short_heel_girth": 0.33203653,
        "left_waist_girth": 0.25223371,
        "left_waist_lateral_half_width": 0.045991831,
        "left_width": 0.095558405,
        "right_ankle_wrap": 0.22393186,
        "right_arch_height": 0.018724902,
        "right_back_arch_gap_90": 0.008435661,
        "right_ball_girth": 0.24874584,
        "right_bauer_fit": 0.49679434,
        "right_forefoot_height": 0.034065567,
        "right_heel_to_ball": 0.20175405,
        "right_heel_width": 0.067707352,
        "right_height_80": 0.034065567,
        "right_height_90": 0.026288725,
        "right_instep_girth": 0.25939587,
        "right_instep_height": 0.066512764,
        "right_lateral_half_width": 0.059450366,
        "right_lateral_half_width_44": 0.048180036,
        "right_lateral_half_width_50": 0.052802969,
        "right_lateral_half_width_58": 0.058941003,
        "right_lateral_half_width_66": 0.057423383,
        "right_lateral_half_width_74": 0.0528712,
        "right_lateral_half_width_82": 0.040045571,
        "right_lateral_half_width_90": 0.02952832,
        "right_length": 0.2776984,
        "right_medial_half_width": 0.039921824,
        "right_medial_half_width_44": 0.03890533,
        "right_medial_half_width_50": 0.038348354,
        "right_medial_half_width_58": 0.037907958,
        "right_medial_half_width_66": 0.038268745,
        "right_medial_half_width_74": 0.039875969,
        "right_medial_half_width_82": 0.041048434,
        "right_medial_half_width_90": 0.042629857,
        "right_plastic_height": 0.15291598,
        "right_short_heel_girth": 0.3360112,
        "right_waist_girth": 0.25775298,
        "right_waist_lateral_half_width": 0.046458837,
        "right_width": 0.099372193
    },
    "size_gender": "male"
}