{
    "measurements": {
        "left_ankle_wrap": 0.24749666,
        "left_arch_height": 0.010206834,
        "left_back_arch_gap_90": 0.009409558,
        "left_ball_girth": 0.23769231,
        "left_bauer_fit": 0.47218561,
        "left_forefoot_height": 0.031538803,
        "left_heel_to_ball": 0.16889389,
        "left_heel_width": 0.069472454,
        "left_height_80": 0.031538803,
        "left_height_90": 0.023495318,
        "left_instep_girth": 0.24461544,
        "left_instep_height": 0.058186851,
        "left_lateral_half_width": 0.05750706,
        "left_lateral_half_width_44": 0.046894796,
        "left_lateral_half_width_50": 0.050083768,
        "left_lateral_half_width_58": 0.05503808,
        "left_lateral_half_width_66": 0.056541327,
        "left_lateral_half_width_74": 0.056882698,
        "left_lateral_half_width_82": 0.048850644,
        "left_lateral_half_width_90": 0.031119153,
        "left_length": 0.2443922,
        "left_medial_half_width": 0.038104661,
        "left_medial_half_width_44": 0.040661912,
        "left_medial_half_width_50": 0.039087228,
        "left_medial_half_width_58": 0.037218731,
        "left_medial_half_width_66": 0.037664779,
        "left_medial_half_width_74": 0.036945038,
        "left_medial_half_width_82": 0.03504942,
        "left_medial_half_width_90": 0.032643143,
        "left_plastic_height": 0.15202802,
        "left_short_heel_girth": 0.32402265,
        "left_waist_girth": 0.24744558,
        "left_waist_lateral_half_width": 0.044925179,
        "left_width": 0.095611721,
        "right_ankle_wrap": 0.24563919,
        "right_arch_height": 0.0099620242,
        "right_back_arch_gap_90": 0.014235594,
        "right_ball_girth": 0.23364118,
        "right_bauer_fit": 0.4591949,
        "right_forefoot_height": 0.03163236,
        "right_heel_to_ball": 0.15960659,
        "right_heel_width": 0.066536069,
        "right_height_80": 0.03163236,
        "right_height_90": 0.024241524,
        "right_instep_girth": 0.24414392,
        "right_instep_height": 0.057232738,
        "right_lateral_half_width": 0.055663459,
        "right_lateral_half_width_44": 0.04262653,
        "right_lateral_half_width_50": 0.046764631,
        "right_lateral_half_width_58": 0.053389482,
        "right_lateral_half_width_66": 0.055506233,
        "right_lateral_half_width_74": 0.054583523,
        "right_lateral_half_width_82": 0.049911708,
        "right_lateral_half_width_90": 0.036341365,
        "right_length": 0.24462523,
        "right_medial_half_width": 0.037168451,
        "right_medial_half_width_44": 0.043851998,
        "right_medial_half_width_50": 0.042640779,
        "right_medial_half_width_58": 0.038959987,
        "right_medial_half_width_66": 0.036986258,
        "right_medial_half_width_74": 0.03562047,
        "right_medial_half_width_82": 0.032262404,
        "right_medial_half_width_90": 0.025574913,
        "right_plastic_height": 0.15148376,
        "right_short_heel_girth": 0.33035186,
        "right_waist_girth": 0.24726738,
        "right_waist_lateral_half_width": 0.040819373,
        "right_width": 0.09283191
    },
    "size_gender": null
}