{
    "measurements": {
        "left_ankle_wrap": 0.22158328,
        "left_arch_height": 0.018150147,
        "left_back_arch_gap_90": 0.0074245939,
        "left_ball_girth": 0.24520199,
        "left_bauer_fit": 0.49812618,
        "left_forefoot_height": 0.034178883,
        "left_heel_to_ball": 0.22086604,
        "left_heel_width": 0.066413552,
        "left_height_80": 0.034178883,
        "left_height_90": 0.026378557,
        "left_instep_girth": 0.25553334,
        "left_instep_height": 0.068499625,
        "left_lateral_half_width": 0.056525204,
        "left_lateral_half_width_44": 0.048453044,
        "left_lateral_half_width_50": 0.052013271,
        "left_lateral_half_width_58": 0.056251355,
        "left_lateral_half_width_66": 0.055940129,
        "left_lateral_half_width_74": 0.051740482,
        "left_lateral_half_width_82": 0.03916467,
        "left_lateral_half_width_90": 0.025618903,
        "left_length": 0.27621382,
        "left_medial_half_width": 0.042695709,
        "left_medial_half_width_44": 0.03561883,
        "left_medial_half_width_50": 0.0353644,
        "left_medial_half_width_58": 0.036295746,
        "left_medial_half_width_66": 0.037282191,
        "left_medial_half_width_74": 0.039583,
        "left_medial_half_width_82": 0.043741833,
        "left_medial_half_width_90": 0.046213187,
        "left_plastic_height": 0.15253721,
        "left_short_heel_girth": 0.33527637,
        "left_waist_girth": 0.25354284,
        "left_waist_lateral_half_width": 0.046633184,
        "left_width": 0.099220917,
        "right_ankle_wrap": 0.27985913,
        "right_arch_height": 0.018439472,
        "right_back_arch_gap_90": -0.0015017489,
        "right_ball_girth": 0.25138175,
        "right_bauer_fit": 0.51112175,
        "right_forefoot_height": 0.034668826,
        "right_heel_to_ball": 0.2201255,
        "right_heel_width": 0.066222474,
        "right_height_80": 0.034668826,
        "right_height_90": 0.026303448,
        "right_instep_girth": 0.25819743,
        "right_instep_height": 0.067796305,
        "right_lateral_half_width": 0.059457831,
        "right_lateral_half_width_44": 0.048736192,
        "right_lateral_half_width_50": 0.052299514,
        "right_lateral_half_width_58": 0.058529548,
        "right_lateral_half_width_66": 0.058213506,
        "right_lateral_half_width_74": 0.053101357,
        "right_lateral_half_width_82": 0.03929102,
        "right_lateral_half_width_90": 0.0263089,
        "right_length": 0.27676988,
        "right_medial_half_width": 0.042926796,
        "right_medial_half_width_44": 0.036898807,
        "right_medial_half_width_50": 0.03741274,
        "right_medial_half_width_58": 0.03732286,
        "right_medial_half_width_66": 0.03879647,
        "right_medial_half_width_74": 0.040978067,
        "right_medial_half_width_82": 0.044302251,
        "right_medial_half_width_90": 0.04672721,
        "right_plastic_height": 0.15436,
        "right_short_heel_girth": 0.34150827,
        "right_waist_girth": 0.25810367,
        "right_waist_lateral_half_width": 0.046803769,
        "right_width": 0.10238463
    },
    "size_gender": "male"
}