{
    "measurements": {
        "left_ankle_wrap": 0.23814014,
        "left_arch_height": 0.011470592,
        "left_back_arch_gap_90": 0.012338492,
        "left_ball_girth": 0.26689732,
        "left_bauer_fit": 0.53618944,
        "left_forefoot_height": 0.035977628,
        "left_heel_to_ball": 0.22044952,
        "left_heel_width": 0.073945582,
        "left_height_80": 0.035977628,
        "left_height_90": 0.027784389,
        "left_instep_girth": 0.25917548,
        "left_instep_height": 0.066207416,
        "left_lateral_half_width": 0.061555855,
        "left_lateral_half_width_44": 0.053028014,
        "left_lateral_half_width_50": 0.056125455,
        "left_lateral_half_width_58": 0.05987785,
        "left_lateral_half_width_66": 0.061127372,
        "left_lateral_half_width_74": 0.059806537,
        "left_lateral_half_width_82": 0.04950263,
        "left_lateral_half_width_90": 0.030295197,
        "left_length": 0.28070885,
        "left_medial_half_width": 0.046985019,
        "left_medial_half_width_44": 0.037930872,
        "left_medial_half_width_50": 0.037168641,
        "left_medial_half_width_58": 0.037752952,
        "left_medial_half_width_66": 0.040745609,
        "left_medial_half_width_74": 0.045281485,
        "left_medial_half_width_82": 0.046279918,
        "left_medial_half_width_90": 0.043030333,
        "left_plastic_height": 0.15263234,
        "left_short_heel_girth": 0.3568756,
        "left_waist_girth": 0.26553437,
        "left_waist_lateral_half_width": 0.050888319,
        "left_width": 0.10854088,
        "right_ankle_wrap": 0.2433608,
        "right_arch_height": 0.011770964,
        "right_back_arch_gap_90": 0.015333719,
        "right_ball_girth": 0.26447994,
        "right_bauer_fit": 0.53053087,
        "right_forefoot_height": 0.034706172,
        "right_heel_to_ball": 0.20322368,
        "right_heel_width": 0.072783574,
        "right_height_80": 0.034706172,
        "right_height_90": 0.02557583,
        "right_instep_girth": 0.26269016,
        "right_instep_height": 0.06466864,
        "right_lateral_half_width": 0.064311393,
        "right_lateral_half_width_44": 0.051777121,
        "right_lateral_half_width_50": 0.055268336,
        "right_lateral_half_width_58": 0.060861848,
        "right_lateral_half_width_66": 0.063547745,
        "right_lateral_half_width_74": 0.063962363,
        "right_lateral_half_width_82": 0.050220877,
        "right_lateral_half_width_90": 0.027630914,
        "right_length": 0.27976695,
        "right_medial_half_width": 0.043278039,
        "right_medial_half_width_44": 0.041177984,
        "right_medial_half_width_50": 0.04003169,
        "right_medial_half_width_58": 0.039819553,
        "right_medial_half_width_66": 0.0423657,
        "right_medial_half_width_74": 0.043097947,
        "right_medial_half_width_82": 0.040952254,
        "right_medial_half_width_90": 0.040423207,
        "right_plastic_height": 0.15192428,
        "right_short_heel_girth": 0.35642365,
        "right_waist_girth": 0.26651716,
        "right_waist_lateral_half_width": 0.04992865,
        "right_width": 0.10758943
    },
    "size_gender": "male"
}