{
    "measurements": {
        "left_ankle_wrap": 0.22570686,
        "left_arch_height": 0.014321883,
        "left_back_arch_gap_90": 0.010977923,
        "left_ball_girth": 0.2376956,
        "left_bauer_fit": 0.46830365,
        "left_forefoot_height": 0.031759243,
        "left_heel_to_ball": 0.17542498,
        "left_heel_width": 0.066901475,
        "left_height_80": 0.031759243,
        "left_height_90": 0.023148743,
        "left_instep_girth": 0.24449913,
        "left_instep_height": 0.064664453,
        "left_lateral_half_width": 0.05523454,
        "left_lateral_half_width_44": 0.044721507,
        "left_lateral_half_width_50": 0.050279215,
        "left_lateral_half_width_58": 0.054626789,
        "left_lateral_half_width_66": 0.055043317,
        "left_lateral_half_width_74": 0.054607011,
        "left_lateral_half_width_82": 0.048758063,
        "left_lateral_half_width_90": 0.036726754,
        "left_length": 0.23790622,
        "left_medial_half_width": 0.037984673,
        "left_medial_half_width_44": 0.032146495,
        "left_medial_half_width_50": 0.033069436,
        "left_medial_half_width_58": 0.035584219,
        "left_medial_half_width_66": 0.036683131,
        "left_medial_half_width_74": 0.037973411,
        "left_medial_half_width_82": 0.034782339,
        "left_medial_half_width_90": 0.032560326,
        "left_plastic_height": 0.15247485,
        "left_short_heel_girth": 0.32831347,
        "left_waist_girth": 0.23906921,
        "left_waist_lateral_half_width": 0.042786077,
        "left_width": 0.093219213,
        "right_ankle_wrap": 0.22386341,
        "right_arch_height": 0.016509814,
        "right_back_arch_gap_90": 0.0058350349,
        "right_ball_girth": 0.23736776,
        "right_bauer_fit": 0.46778888,
        "right_forefoot_height": 0.033092182,
        "right_heel_to_ball": 0.17756139,
        "right_heel_width": 0.064005345,
        "right_height_80": 0.033092182,
        "right_height_90": 0.023424063,
        "right_instep_girth": 0.23912583,
        "right_instep_height": 0.063128859,
        "right_lateral_half_width": 0.055439912,
        "right_lateral_half_width_44": 0.047454648,
        "right_lateral_half_width_50": 0.051160678,
        "right_lateral_half_width_58": 0.054228038,
        "right_lateral_half_width_66": 0.055170707,
        "right_lateral_half_width_74": 0.054521352,
        "right_lateral_half_width_82": 0.046335239,
        "right_lateral_half_width_90": 0.032901093,
        "right_length": 0.236251,
        "right_medial_half_width": 0.03801506,
        "right_medial_half_width_44": 0.031813718,
        "right_medial_half_width_50": 0.03262775,
        "right_medial_half_width_58": 0.034988344,
        "right_medial_half_width_66": 0.036770467,
        "right_medial_half_width_74": 0.037945773,
        "right_medial_half_width_82": 0.037794303,
        "right_medial_half_width_90": 0.036279239,
        "right_plastic_height": 0.15119945,
        "right_short_heel_girth": 0.31914932,
        "right_waist_girth": 0.23895784,
        "right_waist_lateral_half_width": 0.045247052,
        "right_width": 0.093454972
    },
    "size_gender": "female"
}