{
    "measurements": {
        "left_ankle_wrap": 0.24448994,
        "left_arch_height": 0.014874016,
        "left_back_arch_gap_90": 0.0044897175,
        "left_ball_girth": 0.23451281,
        "left_bauer_fit": 0.46028173,
        "left_forefoot_height": 0.032050982,
        "left_heel_to_ball": 0.18328507,
        "left_heel_width": 0.062793061,
        "left_height_80": 0.032050982,
        "left_height_90": 0.023470931,
        "left_instep_girth": 0.2351834,
        "left_instep_height": 0.06271819,
        "left_lateral_half_width": 0.05356887,
        "left_lateral_half_width_44": 0.044715203,
        "left_lateral_half_width_50": 0.048641745,
        "left_lateral_half_width_58": 0.052524757,
        "left_lateral_half_width_66": 0.053311121,
        "left_lateral_half_width_74": 0.052288279,
        "left_lateral_half_width_82": 0.042402785,
        "left_lateral_half_width_90": 0.02695084,
        "left_length": 0.23747048,
        "left_medial_half_width": 0.03824719,
        "left_medial_half_width_44": 0.032805465,
        "left_medial_half_width_50": 0.032896858,
        "left_medial_half_width_58": 0.032932863,
        "left_medial_half_width_66": 0.035517693,
        "left_medial_half_width_74": 0.037829552,
        "left_medial_half_width_82": 0.036698677,
        "left_medial_half_width_90": 0.033791859,
        "left_plastic_height": 0.1521318,
        "left_short_heel_girth": 0.30865937,
        "left_waist_girth": 0.23543215,
        "left_waist_lateral_half_width": 0.042735085,
        "left_width": 0.09181606,
        "right_ankle_wrap": 0.24060975,
        "right_arch_height": 0.013796564,
        "right_back_arch_gap_90": 0.0045047705,
        "right_ball_girth": 0.22938313,
        "right_bauer_fit": 0.45109883,
        "right_forefoot_height": 0.03208771,
        "right_heel_to_ball": 0.18415913,
        "right_heel_width": 0.06415651,
        "right_height_80": 0.03208771,
        "right_height_90": 0.023456847,
        "right_instep_girth": 0.2305311,
        "right_instep_height": 0.06012734,
        "right_lateral_half_width": 0.052847136,
        "right_lateral_half_width_44": 0.04446324,
        "right_lateral_half_width_50": 0.047204994,
        "right_lateral_half_width_58": 0.050846603,
        "right_lateral_half_width_66": 0.0527625,
        "right_lateral_half_width_74": 0.051859014,
        "right_lateral_half_width_82": 0.044601407,
        "right_lateral_half_width_90": 0.02799782,
        "right_length": 0.23762469,
        "right_medial_half_width": 0.037446514,
        "right_medial_half_width_44": 0.033571787,
        "right_medial_half_width_50": 0.034068417,
        "right_medial_half_width_58": 0.033987906,
        "right_medial_half_width_66": 0.035182234,
        "right_medial_half_width_74": 0.036894821,
        "right_medial_half_width_82": 0.036537915,
        "right_medial_half_width_90": 0.035217069,
        "right_plastic_height": 0.15232365,
        "right_short_heel_girth": 0.30771074,
        "right_waist_girth": 0.23342656,
        "right_waist_lateral_half_width": 0.042373791,
        "right_width": 0.090293646
    },
    "size_gender": "female"
}