{
    "measurements": {
        "left_ankle_wrap": 0.17336862,
        "left_arch_height": 0.0049248678,
        "left_back_arch_gap_90": 0.0062336768,
        "left_ball_girth": 0.18521276,
        "left_bauer_fit": 0.35946387,
        "left_forefoot_height": 0.02478623,
        "left_heel_to_ball": 0.14733243,
        "left_heel_width": 0.04656766,
        "left_height_80": 0.02478623,
        "left_height_90": 0.017203815,
        "left_instep_girth": 0.18449481,
        "left_instep_height": 0.041599073,
        "left_lateral_half_width": 0.04346199,
        "left_lateral_half_width_44": 0.035562929,
        "left_lateral_half_width_50": 0.038957652,
        "left_lateral_half_width_58": 0.042346764,
        "left_lateral_half_width_66": 0.04300528,
        "left_lateral_half_width_74": 0.042033508,
        "left_lateral_half_width_82": 0.038775358,
        "left_lateral_half_width_90": 0.025406966,
        "left_length": 0.19215821,
        "left_medial_half_width": 0.029947896,
        "left_medial_half_width_44": 0.031098291,
        "left_medial_half_width_50": 0.031049032,
        "left_medial_half_width_58": 0.029071515,
        "left_medial_half_width_66": 0.028596187,
        "left_medial_half_width_74": 0.029754676,
        "left_medial_half_width_82": 0.029897222,
        "left_medial_half_width_90": 0.029345686,
        "left_plastic_height": 0.15161659,
        "left_short_heel_girth": 0.23673369,
        "left_waist_girth": 0.18802835,
        "left_waist_lateral_half_width": 0.033396669,
        "left_width": 0.073409885,
        "right_ankle_wrap": 0.17638324,
        "right_arch_height": 0.010386128,
        "right_back_arch_gap_90": 0.0048063197,
        "right_ball_girth": 0.1856003,
        "right_bauer_fit": 0.37428716,
        "right_forefoot_height": 0.024663933,
        "right_heel_to_ball": 0.14688236,
        "right_heel_width": 0.04484909,
        "right_height_80": 0.024663933,
        "right_height_90": 0.017475933,
        "right_instep_girth": 0.17960328,
        "right_instep_height": 0.041961297,
        "right_lateral_half_width": 0.046499956,
        "right_lateral_half_width_44": 0.035667688,
        "right_lateral_half_width_50": 0.036971767,
        "right_lateral_half_width_58": 0.04066743,
        "right_lateral_half_width_66": 0.04383691,
        "right_lateral_half_width_74": 0.045785494,
        "right_lateral_half_width_82": 0.040816162,
        "right_lateral_half_width_90": 0.030572044,
        "right_length": 0.19352601,
        "right_medial_half_width": 0.030249668,
        "right_medial_half_width_44": 0.031019559,
        "right_medial_half_width_50": 0.029436437,
        "right_medial_half_width_58": 0.028374512,
        "right_medial_half_width_66": 0.029188767,
        "right_medial_half_width_74": 0.03014997,
        "right_medial_half_width_82": 0.028603381,
        "right_medial_half_width_90": 0.025685694,
        "right_plastic_height": 0.15075779,
        "right_short_heel_girth": 0.24054366,
        "right_waist_girth": 0.186627,
        "right_waist_lateral_half_width": 0.034263566,
        "right_width": 0.076749623
    },
    "size_gender": "female"
}