{
    "measurements": {
        "left_ankle_wrap": 0.23572505,
        "left_arch_height": 0.018181559,
        "left_back_arch_gap_90": 0.0072023524,
        "left_ball_girth": 0.24578369,
        "left_bauer_fit": 0.49901333,
        "left_forefoot_height": 0.035563245,
        "left_heel_to_ball": 0.2204213,
        "left_heel_width": 0.064533822,
        "left_height_80": 0.035563245,
        "left_height_90": 0.029303759,
        "left_instep_girth": 0.25424811,
        "left_instep_height": 0.069062486,
        "left_lateral_half_width": 0.056661677,
        "left_lateral_half_width_44": 0.048415191,
        "left_lateral_half_width_50": 0.051603086,
        "left_lateral_half_width_58": 0.056193035,
        "left_lateral_half_width_66": 0.055649836,
        "left_lateral_half_width_74": 0.052393284,
        "left_lateral_half_width_82": 0.041781221,
        "left_lateral_half_width_90": 0.027615009,
        "left_length": 0.27588424,
        "left_medial_half_width": 0.04263413,
        "left_medial_half_width_44": 0.033897467,
        "left_medial_half_width_50": 0.034873419,
        "left_medial_half_width_58": 0.035273805,
        "left_medial_half_width_66": 0.037087079,
        "left_medial_half_width_74": 0.040157206,
        "left_medial_half_width_82": 0.044225093,
        "left_medial_half_width_90": 0.04745638,
        "left_plastic_height": 0.15150584,
        "left_short_heel_girth": 0.33626282,
        "left_waist_girth": 0.25009283,
        "left_waist_lateral_half_width": 0.046510104,
        "left_width": 0.09929581,
        "right_ankle_wrap": 0.22682102,
        "right_arch_height": 0.016532209,
        "right_back_arch_gap_90": 0.008483395,
        "right_ball_girth": 0.246268,
        "right_bauer_fit": 0.50779575,
        "right_forefoot_height": 0.03425511,
        "right_heel_to_ball": 0.22013903,
        "right_heel_width": 0.067928113,
        "right_height_80": 0.03425511,
        "right_height_90": 0.0273912,
        "right_instep_girth": 0.25933772,
        "right_instep_height": 0.0661987,
        "right_lateral_half_width": 0.058757555,
        "right_lateral_half_width_44": 0.047956254,
        "right_lateral_half_width_50": 0.052396875,
        "right_lateral_half_width_58": 0.058375068,
        "right_lateral_half_width_66": 0.056878693,
        "right_lateral_half_width_74": 0.053220365,
        "right_lateral_half_width_82": 0.041994333,
        "right_lateral_half_width_90": 0.031422567,
        "right_length": 0.27753937,
        "right_medial_half_width": 0.043227918,
        "right_medial_half_width_44": 0.038249165,
        "right_medial_half_width_50": 0.037404861,
        "right_medial_half_width_58": 0.037421349,
        "right_medial_half_width_66": 0.03790145,
        "right_medial_half_width_74": 0.039910607,
        "right_medial_half_width_82": 0.044337202,
        "right_medial_half_width_90": 0.043818194,
        "right_plastic_height": 0.1522938,
        "right_short_heel_girth": 0.33662117,
        "right_waist_girth": 0.2569221,
        "right_waist_lateral_half_width": 0.046099525,
        "right_width": 0.10198547
    },
    "size_gender": "male"
}