{
    "measurements": {
        "left_ankle_wrap": 0.29606092,
        "left_arch_height": 0.019328538,
        "left_back_arch_gap_90": 0.0083076078,
        "left_ball_girth": 0.24541879,
        "left_bauer_fit": 0.49642894,
        "left_forefoot_height": 0.036133546,
        "left_heel_to_ball": 0.21982694,
        "left_heel_width": 0.064336285,
        "left_height_80": 0.036133546,
        "left_height_90": 0.029664721,
        "left_instep_girth": 0.25684419,
        "left_instep_height": 0.069176257,
        "left_lateral_half_width": 0.056423321,
        "left_lateral_half_width_44": 0.048039515,
        "left_lateral_half_width_50": 0.05170916,
        "left_lateral_half_width_58": 0.055789568,
        "left_lateral_half_width_66": 0.055730604,
        "left_lateral_half_width_74": 0.053058263,
        "left_lateral_half_width_82": 0.042593651,
        "left_lateral_half_width_90": 0.02748874,
        "left_length": 0.27576298,
        "left_medial_half_width": 0.042249352,
        "left_medial_half_width_44": 0.034224022,
        "left_medial_half_width_50": 0.03487771,
        "left_medial_half_width_58": 0.036075439,
        "left_medial_half_width_66": 0.037140489,
        "left_medial_half_width_74": 0.039074879,
        "left_medial_half_width_82": 0.043846745,
        "left_medial_half_width_90": 0.047246546,
        "left_plastic_height": 0.15224423,
        "left_short_heel_girth": 0.33527336,
        "left_waist_girth": 0.25244328,
        "left_waist_lateral_half_width": 0.046250965,
        "left_width": 0.098672673,
        "right_ankle_wrap": 0.3086465,
        "right_arch_height": 0.0198961,
        "right_back_arch_gap_90": 0.0082396446,
        "right_ball_girth": 0.24594645,
        "right_bauer_fit": 0.50270826,
        "right_forefoot_height": 0.034784362,
        "right_heel_to_ball": 0.22076902,
        "right_heel_width": 0.066553116,
        "right_height_80": 0.034784362,
        "right_height_90": 0.027693287,
        "right_instep_girth": 0.25736529,
        "right_instep_height": 0.067065552,
        "right_lateral_half_width": 0.058380116,
        "right_lateral_half_width_44": 0.047540568,
        "right_lateral_half_width_50": 0.051759724,
        "right_lateral_half_width_58": 0.058353558,
        "right_lateral_half_width_66": 0.056567378,
        "right_lateral_half_width_74": 0.053849947,
        "right_lateral_half_width_82": 0.043227743,
        "right_lateral_half_width_90": 0.031222211,
        "right_length": 0.27783039,
        "right_medial_half_width": 0.042230215,
        "right_medial_half_width_44": 0.037008904,
        "right_medial_half_width_50": 0.036775105,
        "right_medial_half_width_58": 0.036429361,
        "right_medial_half_width_66": 0.037709381,
        "right_medial_half_width_74": 0.038568992,
        "right_medial_half_width_82": 0.042913202,
        "right_medial_half_width_90": 0.042575289,
        "right_plastic_height": 0.15339322,
        "right_short_heel_girth": 0.33562675,
        "right_waist_girth": 0.25444809,
        "right_waist_lateral_half_width": 0.045840804,
        "right_width": 0.10061033
    },
    "size_gender": "male"
}