{
    "measurements": {
        "left_ankle_wrap": 0.1808407,
        "left_arch_height": 0.0038032501,
        "left_back_arch_gap_90": 0.0058583207,
        "left_ball_girth": 0.15276511,
        "left_bauer_fit": 0.28895891,
        "left_forefoot_height": 0.021733241,
        "left_heel_to_ball": 0.10846484,
        "left_heel_width": 0.04360301,
        "left_height_80": 0.021733241,
        "left_height_90": 0.016178796,
        "left_instep_girth": 0.20588736,
        "left_instep_height": 0.03585333,
        "left_lateral_half_width": 0.034494016,
        "left_lateral_half_width_44": 0.031289227,
        "left_lateral_half_width_50": 0.032977331,
        "left_lateral_half_width_58": 0.034488864,
        "left_lateral_half_width_66": 0.033835232,
        "left_lateral_half_width_74": 0.033913162,
        "left_lateral_half_width_82": 0.02782107,
        "left_lateral_half_width_90": 0.016675418,
        "left_length": 0.13560742,
        "left_medial_half_width": 0.023959933,
        "left_medial_half_width_44": 0.030897485,
        "left_medial_half_width_50": 0.022709068,
        "left_medial_half_width_58": 0.022440806,
        "left_medial_half_width_66": 0.022552757,
        "left_medial_half_width_74": 0.022602234,
        "left_medial_half_width_82": 0.024030335,
        "left_medial_half_width_90": 0.022764102,
        "left_plastic_height": 0.15007794,
        "left_short_heel_girth": 0.19752961,
        "left_waist_girth": 0.32177636,
        "left_waist_lateral_half_width": 0.030449335,
        "left_width": 0.058453947,
        "right_ankle_wrap": 0.17666173,
        "right_arch_height": 0.00460925,
        "right_back_arch_gap_90": 0.0041180379,
        "right_ball_girth": 0.15247901,
        "right_bauer_fit": 0.29395294,
        "right_forefoot_height": 0.020797,
        "right_heel_to_ball": 0.10892154,
        "right_heel_width": 0.040756591,
        "right_height_80": 0.020797,
        "right_height_90": 0.015496684,
        "right_instep_girth": 0.20388991,
        "right_instep_height": 0.035109125,
        "right_lateral_half_width": 0.034886412,
        "right_lateral_half_width_44": 0.030830434,
        "right_lateral_half_width_50": 0.032796048,
        "right_lateral_half_width_58": 0.034375917,
        "right_lateral_half_width_66": 0.034803092,
        "right_lateral_half_width_74": 0.034464229,
        "right_lateral_half_width_82": 0.0303118,
        "right_lateral_half_width_90": 0.019683294,
        "right_length": 0.13632226,
        "right_medial_half_width": 0.02489276,
        "right_medial_half_width_44": 0.04478424,
        "right_medial_half_width_50": 0.0238785,
        "right_medial_half_width_58": 0.023804484,
        "right_medial_half_width_66": 0.023171328,
        "right_medial_half_width_74": 0.023019753,
        "right_medial_half_width_82": 0.025612632,
        "right_medial_half_width_90": 0.024284061,
        "right_plastic_height": 0.15016538,
        "right_short_heel_girth": 0.1976327,
        "right_waist_girth": 0.32014462,
        "right_waist_lateral_half_width": 0.029907877,
        "right_width": 0.059779175
    },
    "size_gender": "female"
}