{
    "measurements": {
        "left_ankle_wrap": 0.21069577,
        "left_arch_height": 0.0088106,
        "left_back_arch_gap_90": 0.012809372,
        "left_ball_girth": 0.25238058,
        "left_bauer_fit": 0.4960117,
        "left_forefoot_height": 0.033681665,
        "left_heel_to_ball": 0.17876358,
        "left_heel_width": 0.072768807,
        "left_height_80": 0.033681665,
        "left_height_90": 0.027024122,
        "left_instep_girth": 0.26631728,
        "left_instep_height": 0.062054928,
        "left_lateral_half_width": 0.060245644,
        "left_lateral_half_width_44": 0.050974026,
        "left_lateral_half_width_50": 0.055837873,
        "left_lateral_half_width_58": 0.059331179,
        "left_lateral_half_width_66": 0.059865285,
        "left_lateral_half_width_74": 0.058392841,
        "left_lateral_half_width_82": 0.050614867,
        "left_lateral_half_width_90": 0.037201285,
        "left_length": 0.27466041,
        "left_medial_half_width": 0.039975323,
        "left_medial_half_width_44": 0.043717749,
        "left_medial_half_width_50": 0.043839119,
        "left_medial_half_width_58": 0.041764103,
        "left_medial_half_width_66": 0.039901372,
        "left_medial_half_width_74": 0.038524672,
        "left_medial_half_width_82": 0.035272788,
        "left_medial_half_width_90": 0.034827147,
        "left_plastic_height": 0.15352041,
        "left_short_heel_girth": 0.33918443,
        "left_waist_girth": 0.26948822,
        "left_waist_lateral_half_width": 0.048061114,
        "left_width": 0.10022096,
        "right_ankle_wrap": 0.21222591,
        "right_arch_height": 0.0067621772,
        "right_back_arch_gap_90": 0.01584184,
        "right_ball_girth": 0.25637135,
        "right_bauer_fit": 0.50909978,
        "right_forefoot_height": 0.032255936,
        "right_heel_to_ball": 0.18025632,
        "right_heel_width": 0.072449692,
        "right_height_80": 0.032255936,
        "right_height_90": 0.02611682,
        "right_instep_girth": 0.26841664,
        "right_instep_height": 0.059698466,
        "right_lateral_half_width": 0.062136535,
        "right_lateral_half_width_44": 0.052656334,
        "right_lateral_half_width_50": 0.057567321,
        "right_lateral_half_width_58": 0.061062224,
        "right_lateral_half_width_66": 0.062073544,
        "right_lateral_half_width_74": 0.060047612,
        "right_lateral_half_width_82": 0.049783047,
        "right_lateral_half_width_90": 0.037706669,
        "right_length": 0.27696458,
        "right_medial_half_width": 0.041651297,
        "right_medial_half_width_44": 0.044710439,
        "right_medial_half_width_50": 0.044638276,
        "right_medial_half_width_58": 0.042910747,
        "right_medial_half_width_66": 0.041378349,
        "right_medial_half_width_74": 0.039212432,
        "right_medial_half_width_82": 0.036048524,
        "right_medial_half_width_90": 0.036286648,
        "right_plastic_height": 0.15256979,
        "right_short_heel_girth": 0.33956236,
        "right_waist_girth": 0.2720232,
        "right_waist_lateral_half_width": 0.049547277,
        "right_width": 0.10378783
    },
    "size_gender": "male"
}