{
    "measurements": {
        "left_ankle_wrap": 0.22062969,
        "left_arch_height": 0.012535693,
        "left_back_arch_gap_90": 0.007968015,
        "left_ball_girth": 0.21772957,
        "left_bauer_fit": 0.42623159,
        "left_forefoot_height": 0.02913975,
        "left_heel_to_ball": 0.1779379,
        "left_heel_width": 0.060158715,
        "left_height_80": 0.02913975,
        "left_height_90": 0.021754118,
        "left_instep_girth": 0.22213769,
        "left_instep_height": 0.057621304,
        "left_lateral_half_width": 0.05102909,
        "left_lateral_half_width_44": 0.042979609,
        "left_lateral_half_width_50": 0.045816403,
        "left_lateral_half_width_58": 0.050245978,
        "left_lateral_half_width_66": 0.0498594,
        "left_lateral_half_width_74": 0.048596334,
        "left_lateral_half_width_82": 0.042643946,
        "left_lateral_half_width_90": 0.029497074,
        "left_length": 0.23579025,
        "left_medial_half_width": 0.0341003,
        "left_medial_half_width_44": 0.031144807,
        "left_medial_half_width_50": 0.030886313,
        "left_medial_half_width_58": 0.031890351,
        "left_medial_half_width_66": 0.033230543,
        "left_medial_half_width_74": 0.034019973,
        "left_medial_half_width_82": 0.032904468,
        "left_medial_half_width_90": 0.031570092,
        "left_plastic_height": 0.15248913,
        "left_short_heel_girth": 0.29471222,
        "left_waist_girth": 0.22354178,
        "left_waist_lateral_half_width": 0.041510008,
        "left_width": 0.085129395,
        "right_ankle_wrap": 0.2149276,
        "right_arch_height": 0.013571999,
        "right_back_arch_gap_90": 0.010257104,
        "right_ball_girth": 0.22156629,
        "right_bauer_fit": 0.43916172,
        "right_forefoot_height": 0.027299255,
        "right_heel_to_ball": 0.17046963,
        "right_heel_width": 0.057629358,
        "right_height_80": 0.027299255,
        "right_height_90": 0.021448055,
        "right_instep_girth": 0.22102723,
        "right_instep_height": 0.054757353,
        "right_lateral_half_width": 0.052290343,
        "right_lateral_half_width_44": 0.044744775,
        "right_lateral_half_width_50": 0.047016002,
        "right_lateral_half_width_58": 0.050639693,
        "right_lateral_half_width_66": 0.05173843,
        "right_lateral_half_width_74": 0.049799614,
        "right_lateral_half_width_82": 0.04353822,
        "right_lateral_half_width_90": 0.030307481,
        "right_length": 0.23071706,
        "right_medial_half_width": 0.036486648,
        "right_medial_half_width_44": 0.032158528,
        "right_medial_half_width_50": 0.032144751,
        "right_medial_half_width_58": 0.033542838,
        "right_medial_half_width_66": 0.034472704,
        "right_medial_half_width_74": 0.036480084,
        "right_medial_half_width_82": 0.034378607,
        "right_medial_half_width_90": 0.030886166,
        "right_plastic_height": 0.15285151,
        "right_short_heel_girth": 0.28603557,
        "right_waist_girth": 0.22211207,
        "right_waist_lateral_half_width": 0.042348951,
        "right_width": 0.088776991
    },
    "size_gender": null
}