{
    "measurements": {
        "left_ankle_wrap": 0.22648214,
        "left_arch_height": 0.0099322088,
        "left_back_arch_gap_90": 0.0088204388,
        "left_ball_girth": 0.25193983,
        "left_bauer_fit": 0.50148433,
        "left_forefoot_height": 0.034655452,
        "left_heel_to_ball": 0.19635169,
        "left_heel_width": 0.066623688,
        "left_height_80": 0.034655452,
        "left_height_90": 0.025616789,
        "left_instep_girth": 0.25643677,
        "left_instep_height": 0.062390029,
        "left_lateral_half_width": 0.060289584,
        "left_lateral_half_width_44": 0.048411079,
        "left_lateral_half_width_50": 0.053561639,
        "left_lateral_half_width_58": 0.059178777,
        "left_lateral_half_width_66": 0.059745282,
        "left_lateral_half_width_74": 0.057396185,
        "left_lateral_half_width_82": 0.048831813,
        "left_lateral_half_width_90": 0.038609613,
        "left_length": 0.26690263,
        "left_medial_half_width": 0.041117877,
        "left_medial_half_width_44": 0.039602268,
        "left_medial_half_width_50": 0.038878597,
        "left_medial_half_width_58": 0.038397036,
        "left_medial_half_width_66": 0.0398232,
        "left_medial_half_width_74": 0.041110743,
        "left_medial_half_width_82": 0.034737773,
        "left_medial_half_width_90": 0.031820949,
        "left_plastic_height": 0.15219957,
        "left_short_heel_girth": 0.33522204,
        "left_waist_girth": 0.25817975,
        "left_waist_lateral_half_width": 0.045897726,
        "left_width": 0.10140746,
        "right_ankle_wrap": 0.22772908,
        "right_arch_height": 0.013219473,
        "right_back_arch_gap_90": 0.0083086742,
        "right_ball_girth": 0.25271478,
        "right_bauer_fit": 0.50708961,
        "right_forefoot_height": 0.032518912,
        "right_heel_to_ball": 0.19466242,
        "right_heel_width": 0.068133175,
        "right_height_80": 0.032518912,
        "right_height_90": 0.024398535,
        "right_instep_girth": 0.25797462,
        "right_instep_height": 0.061221745,
        "right_lateral_half_width": 0.060908657,
        "right_lateral_half_width_44": 0.050047427,
        "right_lateral_half_width_50": 0.055847228,
        "right_lateral_half_width_58": 0.060439762,
        "right_lateral_half_width_66": 0.06000806,
        "right_lateral_half_width_74": 0.057427082,
        "right_lateral_half_width_82": 0.047876198,
        "right_lateral_half_width_90": 0.032600265,
        "right_length": 0.26466736,
        "right_medial_half_width": 0.042063132,
        "right_medial_half_width_44": 0.038990613,
        "right_medial_half_width_50": 0.037853152,
        "right_medial_half_width_58": 0.038029782,
        "right_medial_half_width_66": 0.039998289,
        "right_medial_half_width_74": 0.042061426,
        "right_medial_half_width_82": 0.036346853,
        "right_medial_half_width_90": 0.033778079,
        "right_plastic_height": 0.15308785,
        "right_short_heel_girth": 0.33571184,
        "right_waist_girth": 0.25500605,
        "right_waist_lateral_half_width": 0.047184877,
        "right_width": 0.10297179
    },
    "size_gender": "male"
}