{
    "measurements": {
        "left_ankle_wrap": 0.24740492,
        "left_arch_height": 0.009011724,
        "left_back_arch_gap_90": 0.0089668361,
        "left_ball_girth": 0.23612918,
        "left_bauer_fit": 0.46141583,
        "left_forefoot_height": 0.031881623,
        "left_heel_to_ball": 0.16026333,
        "left_heel_width": 0.06757018,
        "left_height_80": 0.031881623,
        "left_height_90": 0.023237331,
        "left_instep_girth": 0.24293691,
        "left_instep_height": 0.057421263,
        "left_lateral_half_width": 0.056091025,
        "left_lateral_half_width_44": 0.045667939,
        "left_lateral_half_width_50": 0.04904741,
        "left_lateral_half_width_58": 0.053807069,
        "left_lateral_half_width_66": 0.055825077,
        "left_lateral_half_width_74": 0.055547062,
        "left_lateral_half_width_82": 0.046968292,
        "left_lateral_half_width_90": 0.029316034,
        "left_length": 0.24363606,
        "left_medial_half_width": 0.037210263,
        "left_medial_half_width_44": 0.042271491,
        "left_medial_half_width_50": 0.04062213,
        "left_medial_half_width_58": 0.03799101,
        "left_medial_half_width_66": 0.037189174,
        "left_medial_half_width_74": 0.03647323,
        "left_medial_half_width_82": 0.032958705,
        "left_medial_half_width_90": 0.027968537,
        "left_plastic_height": 0.15203428,
        "left_short_heel_girth": 0.31998095,
        "left_waist_girth": 0.24799106,
        "left_waist_lateral_half_width": 0.043481115,
        "left_width": 0.093301289,
        "right_ankle_wrap": 0.24460587,
        "right_arch_height": 0.010389862,
        "right_back_arch_gap_90": 0.011332978,
        "right_ball_girth": 0.23453124,
        "right_bauer_fit": 0.46656907,
        "right_forefoot_height": 0.031651255,
        "right_heel_to_ball": 0.15878952,
        "right_heel_width": 0.06605988,
        "right_height_80": 0.031651255,
        "right_height_90": 0.024044247,
        "right_instep_girth": 0.24646577,
        "right_instep_height": 0.057935841,
        "right_lateral_half_width": 0.056594759,
        "right_lateral_half_width_44": 0.043954555,
        "right_lateral_half_width_50": 0.047879796,
        "right_lateral_half_width_58": 0.053242516,
        "right_lateral_half_width_66": 0.056353375,
        "right_lateral_half_width_74": 0.055158909,
        "right_lateral_half_width_82": 0.049191453,
        "right_lateral_half_width_90": 0.03326156,
        "right_length": 0.24375889,
        "right_medial_half_width": 0.037777815,
        "right_medial_half_width_44": 0.043292962,
        "right_medial_half_width_50": 0.042383574,
        "right_medial_half_width_58": 0.039995104,
        "right_medial_half_width_66": 0.037543576,
        "right_medial_half_width_74": 0.035441339,
        "right_medial_half_width_82": 0.032138344,
        "right_medial_half_width_90": 0.025386164,
        "right_plastic_height": 0.15113541,
        "right_short_heel_girth": 0.3293125,
        "right_waist_girth": 0.24898931,
        "right_waist_lateral_half_width": 0.041824229,
        "right_width": 0.094372571
    },
    "size_gender": "female"
}