{
    "measurements": {
        "left_ankle_wrap": 0.22462325,
        "left_arch_height": 0.017114809,
        "left_back_arch_gap_90": 0.0077864709,
        "left_ball_girth": 0.25649017,
        "left_bauer_fit": 0.51142669,
        "left_forefoot_height": 0.035845861,
        "left_heel_to_ball": 0.18908519,
        "left_heel_width": 0.065504119,
        "left_height_80": 0.035845861,
        "left_height_90": 0.02765478,
        "left_instep_girth": 0.25563571,
        "left_instep_height": 0.067179359,
        "left_lateral_half_width": 0.060374245,
        "left_lateral_half_width_44": 0.049242262,
        "left_lateral_half_width_50": 0.05420208,
        "left_lateral_half_width_58": 0.059185274,
        "left_lateral_half_width_66": 0.059934191,
        "left_lateral_half_width_74": 0.057479162,
        "left_lateral_half_width_82": 0.047880441,
        "left_lateral_half_width_90": 0.038225945,
        "left_length": 0.26355168,
        "left_medial_half_width": 0.042223286,
        "left_medial_half_width_44": 0.035879828,
        "left_medial_half_width_50": 0.035404712,
        "left_medial_half_width_58": 0.035870723,
        "left_medial_half_width_66": 0.039950557,
        "left_medial_half_width_74": 0.041441943,
        "left_medial_half_width_82": 0.036127266,
        "left_medial_half_width_90": 0.033111289,
        "left_plastic_height": 0.15284184,
        "left_short_heel_girth": 0.33621162,
        "left_waist_girth": 0.25304788,
        "left_waist_lateral_half_width": 0.046676382,
        "left_width": 0.10259753,
        "right_ankle_wrap": 0.22383355,
        "right_arch_height": 0.013819308,
        "right_back_arch_gap_90": 0.012500277,
        "right_ball_girth": 0.2558206,
        "right_bauer_fit": 0.51374328,
        "right_forefoot_height": 0.032953281,
        "right_heel_to_ball": 0.19013904,
        "right_heel_width": 0.067665637,
        "right_height_80": 0.032953281,
        "right_height_90": 0.025145184,
        "right_instep_girth": 0.25722244,
        "right_instep_height": 0.062335029,
        "right_lateral_half_width": 0.061568957,
        "right_lateral_half_width_44": 0.051108748,
        "right_lateral_half_width_50": 0.056641903,
        "right_lateral_half_width_58": 0.060343254,
        "right_lateral_half_width_66": 0.060237456,
        "right_lateral_half_width_74": 0.05747702,
        "right_lateral_half_width_82": 0.048585821,
        "right_lateral_half_width_90": 0.033970319,
        "right_length": 0.26435471,
        "right_medial_half_width": 0.042682376,
        "right_medial_half_width_44": 0.038345572,
        "right_medial_half_width_50": 0.036627658,
        "right_medial_half_width_58": 0.037265062,
        "right_medial_half_width_66": 0.040155519,
        "right_medial_half_width_74": 0.042353887,
        "right_medial_half_width_82": 0.0367738,
        "right_medial_half_width_90": 0.036163136,
        "right_plastic_height": 0.15261851,
        "right_short_heel_girth": 0.33861154,
        "right_waist_girth": 0.2553871,
        "right_waist_lateral_half_width": 0.048351459,
        "right_width": 0.10425133
    },
    "size_gender": "male"
}