{
    "measurements": {
        "left_ankle_wrap": 0.22484383,
        "left_arch_height": 0.019184064,
        "left_back_arch_gap_90": 0.007391328,
        "left_ball_girth": 0.24048233,
        "left_bauer_fit": 0.48691764,
        "left_forefoot_height": 0.033738565,
        "left_heel_to_ball": 0.21938258,
        "left_heel_width": 0.062934369,
        "left_height_80": 0.033738565,
        "left_height_90": 0.0263539,
        "left_instep_girth": 0.25530592,
        "left_instep_height": 0.068560913,
        "left_lateral_half_width": 0.0567776,
        "left_lateral_half_width_44": 0.04866714,
        "left_lateral_half_width_50": 0.052704334,
        "left_lateral_half_width_58": 0.056671958,
        "left_lateral_half_width_66": 0.055432461,
        "left_lateral_half_width_74": 0.052805804,
        "left_lateral_half_width_82": 0.041261472,
        "left_lateral_half_width_90": 0.027911684,
        "left_length": 0.27680916,
        "left_medial_half_width": 0.039840583,
        "left_medial_half_width_44": 0.035148066,
        "left_medial_half_width_50": 0.035151314,
        "left_medial_half_width_58": 0.035463613,
        "left_medial_half_width_66": 0.036938902,
        "left_medial_half_width_74": 0.03785871,
        "left_medial_half_width_82": 0.041107479,
        "left_medial_half_width_90": 0.045233827,
        "left_plastic_height": 0.15283623,
        "left_short_heel_girth": 0.33582413,
        "left_waist_girth": 0.25413376,
        "left_waist_lateral_half_width": 0.046702262,
        "left_width": 0.096618183,
        "right_ankle_wrap": 0.22123715,
        "right_arch_height": 0.01746784,
        "right_back_arch_gap_90": 0.0082721468,
        "right_ball_girth": 0.24661702,
        "right_bauer_fit": 0.49455836,
        "right_forefoot_height": 0.03436685,
        "right_heel_to_ball": 0.22042924,
        "right_heel_width": 0.0664791,
        "right_height_80": 0.03436685,
        "right_height_90": 0.027111419,
        "right_instep_girth": 0.26141661,
        "right_instep_height": 0.067169115,
        "right_lateral_half_width": 0.058535863,
        "right_lateral_half_width_44": 0.048905142,
        "right_lateral_half_width_50": 0.053602982,
        "right_lateral_half_width_58": 0.058525715,
        "right_lateral_half_width_66": 0.057657976,
        "right_lateral_half_width_74": 0.053463191,
        "right_lateral_half_width_82": 0.041381009,
        "right_lateral_half_width_90": 0.029182874,
        "right_length": 0.27824804,
        "right_medial_half_width": 0.040168352,
        "right_medial_half_width_44": 0.037465625,
        "right_medial_half_width_50": 0.037880484,
        "right_medial_half_width_58": 0.0374819,
        "right_medial_half_width_66": 0.038433213,
        "right_medial_half_width_74": 0.038873259,
        "right_medial_half_width_82": 0.042020038,
        "right_medial_half_width_90": 0.043641079,
        "right_plastic_height": 0.15183598,
        "right_short_heel_girth": 0.33622146,
        "right_waist_girth": 0.25955638,
        "right_waist_lateral_half_width": 0.047045521,
        "right_width": 0.098704219
    },
    "size_gender": "male"
}