{
    "measurements": {
        "left_ankle_wrap": 0.23949984,
        "left_arch_height": 0.018760579,
        "left_back_arch_gap_90": 0.0065766312,
        "left_ball_girth": 0.24563681,
        "left_bauer_fit": 0.50539571,
        "left_forefoot_height": 0.035197925,
        "left_heel_to_ball": 0.22061552,
        "left_heel_width": 0.063458875,
        "left_height_80": 0.035197925,
        "left_height_90": 0.029420188,
        "left_instep_girth": 0.25643054,
        "left_instep_height": 0.0690891,
        "left_lateral_half_width": 0.056999113,
        "left_lateral_half_width_44": 0.049036276,
        "left_lateral_half_width_50": 0.052592419,
        "left_lateral_half_width_58": 0.056638915,
        "left_lateral_half_width_66": 0.055814933,
        "left_lateral_half_width_74": 0.052457027,
        "left_lateral_half_width_82": 0.040936638,
        "left_lateral_half_width_90": 0.026406396,
        "left_length": 0.27599296,
        "left_medial_half_width": 0.043764539,
        "left_medial_half_width_44": 0.034234498,
        "left_medial_half_width_50": 0.034615453,
        "left_medial_half_width_58": 0.035418309,
        "left_medial_half_width_66": 0.037198171,
        "left_medial_half_width_74": 0.04045314,
        "left_medial_half_width_82": 0.045591723,
        "left_medial_half_width_90": 0.048868496,
        "left_plastic_height": 0.15229343,
        "left_short_heel_girth": 0.33662346,
        "left_waist_girth": 0.25280064,
        "left_waist_lateral_half_width": 0.047028773,
        "left_width": 0.10076365,
        "right_ankle_wrap": 0.2299457,
        "right_arch_height": 0.016378185,
        "right_back_arch_gap_90": 0.0079175895,
        "right_ball_girth": 0.2498422,
        "right_bauer_fit": 0.5059225,
        "right_forefoot_height": 0.034242388,
        "right_heel_to_ball": 0.22105044,
        "right_heel_width": 0.067869879,
        "right_height_80": 0.034242388,
        "right_height_90": 0.027698793,
        "right_instep_girth": 0.26129508,
        "right_instep_height": 0.0663793,
        "right_lateral_half_width": 0.059069775,
        "right_lateral_half_width_44": 0.0484326,
        "right_lateral_half_width_50": 0.052785039,
        "right_lateral_half_width_58": 0.05848147,
        "right_lateral_half_width_66": 0.057964068,
        "right_lateral_half_width_74": 0.05359257,
        "right_lateral_half_width_82": 0.041378941,
        "right_lateral_half_width_90": 0.03081012,
        "right_length": 0.27765232,
        "right_medial_half_width": 0.042441361,
        "right_medial_half_width_44": 0.038990751,
        "right_medial_half_width_50": 0.038900286,
        "right_medial_half_width_58": 0.037793808,
        "right_medial_half_width_66": 0.038630273,
        "right_medial_half_width_74": 0.040192388,
        "right_medial_half_width_82": 0.043601889,
        "right_medial_half_width_90": 0.042748649,
        "right_plastic_height": 0.15315434,
        "right_short_heel_girth": 0.33954808,
        "right_waist_girth": 0.25976214,
        "right_waist_lateral_half_width": 0.046597168,
        "right_width": 0.10151114
    },
    "size_gender": "male"
}