{
    "measurements": {
        "left_ankle_wrap": 0.23066442,
        "left_arch_height": 0.013670864,
        "left_back_arch_gap_90": 0.0096355993,
        "left_ball_girth": 0.22414438,
        "left_bauer_fit": 0.43787926,
        "left_forefoot_height": 0.030443605,
        "left_heel_to_ball": 0.16925317,
        "left_heel_width": 0.062978111,
        "left_height_80": 0.030443605,
        "left_height_90": 0.021835838,
        "left_instep_girth": 0.22406046,
        "left_instep_height": 0.057726149,
        "left_lateral_half_width": 0.052164681,
        "left_lateral_half_width_44": 0.042049073,
        "left_lateral_half_width_50": 0.046307161,
        "left_lateral_half_width_58": 0.051004138,
        "left_lateral_half_width_66": 0.051532056,
        "left_lateral_half_width_74": 0.050994337,
        "left_lateral_half_width_82": 0.039569546,
        "left_lateral_half_width_90": 0.024165791,
        "left_length": 0.23512927,
        "left_medial_half_width": 0.035630494,
        "left_medial_half_width_44": 0.032343518,
        "left_medial_half_width_50": 0.031449795,
        "left_medial_half_width_58": 0.032368403,
        "left_medial_half_width_66": 0.034336496,
        "left_medial_half_width_74": 0.035352286,
        "left_medial_half_width_82": 0.033668645,
        "left_medial_half_width_90": 0.032352556,
        "left_plastic_height": 0.15146072,
        "left_short_heel_girth": 0.30665925,
        "left_waist_girth": 0.2215185,
        "left_waist_lateral_half_width": 0.04026008,
        "left_width": 0.087795176,
        "right_ankle_wrap": 0.22786818,
        "right_arch_height": 0.013516943,
        "right_back_arch_gap_90": 0.0098595489,
        "right_ball_girth": 0.2279209,
        "right_bauer_fit": 0.44777316,
        "right_forefoot_height": 0.030536784,
        "right_heel_to_ball": 0.17120409,
        "right_heel_width": 0.061299559,
        "right_height_80": 0.030536784,
        "right_height_90": 0.021467749,
        "right_instep_girth": 0.22548468,
        "right_instep_height": 0.057251975,
        "right_lateral_half_width": 0.053367477,
        "right_lateral_half_width_44": 0.045855697,
        "right_lateral_half_width_50": 0.048992563,
        "right_lateral_half_width_58": 0.051784728,
        "right_lateral_half_width_66": 0.052927788,
        "right_lateral_half_width_74": 0.05132626,
        "right_lateral_half_width_82": 0.042123634,
        "right_lateral_half_width_90": 0.029913789,
        "right_length": 0.23422021,
        "right_medial_half_width": 0.036822177,
        "right_medial_half_width_44": 0.032130692,
        "right_medial_half_width_50": 0.031956322,
        "right_medial_half_width_58": 0.033132065,
        "right_medial_half_width_66": 0.035281628,
        "right_medial_half_width_74": 0.036712993,
        "right_medial_half_width_82": 0.032463089,
        "right_medial_half_width_90": 0.02697169,
        "right_plastic_height": 0.15153541,
        "right_short_heel_girth": 0.30957803,
        "right_waist_girth": 0.22871499,
        "right_waist_lateral_half_width": 0.04360133,
        "right_width": 0.090189651
    },
    "size_gender": "female"
}