{
    "measurements": {
        "left_ankle_wrap": 0.26106143,
        "left_arch_height": 0.0049797543,
        "left_back_arch_gap_90": 0.00943327,
        "left_ball_girth": 0.25909397,
        "left_bauer_fit": 0.50698411,
        "left_forefoot_height": 0.03387038,
        "left_heel_to_ball": 0.17117786,
        "left_heel_width": 0.06834399,
        "left_height_80": 0.03387038,
        "left_height_90": 0.025265787,
        "left_instep_girth": 0.26313767,
        "left_instep_height": 0.056471795,
        "left_lateral_half_width": 0.062922761,
        "left_lateral_half_width_44": 0.0593921,
        "left_lateral_half_width_50": 0.06162101,
        "left_lateral_half_width_58": 0.062360391,
        "left_lateral_half_width_66": 0.061616007,
        "left_lateral_half_width_74": 0.057018608,
        "left_lateral_half_width_82": 0.045659065,
        "left_lateral_half_width_90": 0.026065862,
        "left_length": 0.2606084,
        "left_medial_half_width": 0.041121665,
        "left_medial_half_width_44": 0.041902773,
        "left_medial_half_width_50": 0.042039953,
        "left_medial_half_width_58": 0.041008655,
        "left_medial_half_width_66": 0.041062262,
        "left_medial_half_width_74": 0.040450104,
        "left_medial_half_width_82": 0.038643628,
        "left_medial_half_width_90": 0.036617327,
        "left_plastic_height": 0.15291882,
        "left_short_heel_girth": 0.32967907,
        "left_waist_girth": 0.27375066,
        "left_waist_lateral_half_width": 0.057085335,
        "left_width": 0.10404442,
        "right_ankle_wrap": 0.25558454,
        "right_arch_height": 0.0052395128,
        "right_back_arch_gap_90": 0.0099531934,
        "right_ball_girth": 0.25569943,
        "right_bauer_fit": 0.5112558,
        "right_forefoot_height": 0.033034511,
        "right_heel_to_ball": 0.17149436,
        "right_heel_width": 0.067953967,
        "right_height_80": 0.033034511,
        "right_height_90": 0.025217794,
        "right_instep_girth": 0.26679552,
        "right_instep_height": 0.057047732,
        "right_lateral_half_width": 0.063323937,
        "right_lateral_half_width_44": 0.0578819,
        "right_lateral_half_width_50": 0.060988538,
        "right_lateral_half_width_58": 0.06209122,
        "right_lateral_half_width_66": 0.062264897,
        "right_lateral_half_width_74": 0.059042949,
        "right_lateral_half_width_82": 0.0457731,
        "right_lateral_half_width_90": 0.027884293,
        "right_length": 0.26099765,
        "right_medial_half_width": 0.041574,
        "right_medial_half_width_44": 0.042420384,
        "right_medial_half_width_50": 0.042847488,
        "right_medial_half_width_58": 0.042209208,
        "right_medial_half_width_66": 0.041497402,
        "right_medial_half_width_74": 0.038520467,
        "right_medial_half_width_82": 0.035350222,
        "right_medial_half_width_90": 0.032098506,
        "right_plastic_height": 0.15331107,
        "right_short_heel_girth": 0.33373752,
        "right_waist_girth": 0.2754364,
        "right_waist_lateral_half_width": 0.055566989,
        "right_width": 0.10489794
    },
    "size_gender": "female"
}