{
    "measurements": {
        "left_ankle_wrap": 0.22958341,
        "left_arch_height": 0.0071043964,
        "left_back_arch_gap_90": 0.015043185,
        "left_ball_girth": 0.2517707,
        "left_bauer_fit": 0.50198311,
        "left_forefoot_height": 0.033214476,
        "left_heel_to_ball": 0.20467189,
        "left_heel_width": 0.070766985,
        "left_height_80": 0.033214476,
        "left_height_90": 0.026888888,
        "left_instep_girth": 0.25015825,
        "left_instep_height": 0.056832954,
        "left_lateral_half_width": 0.06022238,
        "left_lateral_half_width_44": 0.052228246,
        "left_lateral_half_width_50": 0.056176584,
        "left_lateral_half_width_58": 0.057922006,
        "left_lateral_half_width_66": 0.059032686,
        "left_lateral_half_width_74": 0.060189668,
        "left_lateral_half_width_82": 0.048982322,
        "left_lateral_half_width_90": 0.027627354,
        "left_length": 0.2581268,
        "left_medial_half_width": 0.04258367,
        "left_medial_half_width_44": 0.0395523,
        "left_medial_half_width_50": 0.037816375,
        "left_medial_half_width_58": 0.03787116,
        "left_medial_half_width_66": 0.039347179,
        "left_medial_half_width_74": 0.040726356,
        "left_medial_half_width_82": 0.044361845,
        "left_medial_half_width_90": 0.04780471,
        "left_plastic_height": 0.15182164,
        "left_short_heel_girth": 0.33615363,
        "left_waist_girth": 0.25672525,
        "left_waist_lateral_half_width": 0.050243448,
        "left_width": 0.10280605,
        "right_ankle_wrap": 0.21800047,
        "right_arch_height": 0.012125743,
        "right_back_arch_gap_90": 0.011351646,
        "right_ball_girth": 0.25160766,
        "right_bauer_fit": 0.5073238,
        "right_forefoot_height": 0.036800478,
        "right_heel_to_ball": 0.20194541,
        "right_heel_width": 0.069209345,
        "right_height_80": 0.036800478,
        "right_height_90": 0.026359528,
        "right_instep_girth": 0.25120148,
        "right_instep_height": 0.061096188,
        "right_lateral_half_width": 0.058780082,
        "right_lateral_half_width_44": 0.052647661,
        "right_lateral_half_width_50": 0.056206156,
        "right_lateral_half_width_58": 0.058624908,
        "right_lateral_half_width_66": 0.05831502,
        "right_lateral_half_width_74": 0.05769885,
        "right_lateral_half_width_82": 0.046868663,
        "right_lateral_half_width_90": 0.022655435,
        "right_length": 0.25489959,
        "right_medial_half_width": 0.0442748,
        "right_medial_half_width_44": 0.038916036,
        "right_medial_half_width_50": 0.037061591,
        "right_medial_half_width_58": 0.037129521,
        "right_medial_half_width_66": 0.038880561,
        "right_medial_half_width_74": 0.040743358,
        "right_medial_half_width_82": 0.047759023,
        "right_medial_half_width_90": 0.052858971,
        "right_plastic_height": 0.15279151,
        "right_short_heel_girth": 0.32911643,
        "right_waist_girth": 0.25737163,
        "right_waist_lateral_half_width": 0.0502318,
        "right_width": 0.10305488
    },
    "size_gender": "male"
}