{
    "measurements": {
        "left_ankle_wrap": 0.22607388,
        "left_arch_height": 0.012293171,
        "left_back_arch_gap_90": 0.010469052,
        "left_ball_girth": 0.22581191,
        "left_bauer_fit": 0.43853575,
        "left_forefoot_height": 0.031082548,
        "left_heel_to_ball": 0.14979407,
        "left_heel_width": 0.062268738,
        "left_height_80": 0.031082548,
        "left_height_90": 0.02442842,
        "left_instep_girth": 0.23295045,
        "left_instep_height": 0.055676304,
        "left_lateral_half_width": 0.053032629,
        "left_lateral_half_width_44": 0.042386912,
        "left_lateral_half_width_50": 0.047319073,
        "left_lateral_half_width_58": 0.052129548,
        "left_lateral_half_width_66": 0.053022992,
        "left_lateral_half_width_74": 0.05225144,
        "left_lateral_half_width_82": 0.046915196,
        "left_lateral_half_width_90": 0.038475886,
        "left_length": 0.22781684,
        "left_medial_half_width": 0.035387564,
        "left_medial_half_width_44": 0.038613398,
        "left_medial_half_width_50": 0.0377178,
        "left_medial_half_width_58": 0.036242131,
        "left_medial_half_width_66": 0.035324592,
        "left_medial_half_width_74": 0.034696873,
        "left_medial_half_width_82": 0.031672955,
        "left_medial_half_width_90": 0.027570853,
        "left_plastic_height": 0.15161183,
        "left_short_heel_girth": 0.30273026,
        "left_waist_girth": 0.23115703,
        "left_waist_lateral_half_width": 0.040520802,
        "left_width": 0.0884202,
        "right_ankle_wrap": 0.21153821,
        "right_arch_height": 0.011860369,
        "right_back_arch_gap_90": 0.0091800289,
        "right_ball_girth": 0.22706915,
        "right_bauer_fit": 0.44118735,
        "right_forefoot_height": 0.030534275,
        "right_heel_to_ball": 0.15043329,
        "right_heel_width": 0.061580241,
        "right_height_80": 0.030534275,
        "right_height_90": 0.022829121,
        "right_instep_girth": 0.23084265,
        "right_instep_height": 0.052750494,
        "right_lateral_half_width": 0.053827304,
        "right_lateral_half_width_44": 0.043688979,
        "right_lateral_half_width_50": 0.048576578,
        "right_lateral_half_width_58": 0.052867688,
        "right_lateral_half_width_66": 0.053789482,
        "right_lateral_half_width_74": 0.053203873,
        "right_lateral_half_width_82": 0.048064008,
        "right_lateral_half_width_90": 0.03643284,
        "right_length": 0.23116846,
        "right_medial_half_width": 0.035880983,
        "right_medial_half_width_44": 0.039749015,
        "right_medial_half_width_50": 0.038554952,
        "right_medial_half_width_58": 0.036561746,
        "right_medial_half_width_66": 0.035849068,
        "right_medial_half_width_74": 0.035537317,
        "right_medial_half_width_82": 0.033730734,
        "right_medial_half_width_90": 0.030289797,
        "right_plastic_height": 0.15118365,
        "right_short_heel_girth": 0.30116722,
        "right_waist_girth": 0.23039083,
        "right_waist_lateral_half_width": 0.041153427,
        "right_width": 0.089708284
    },
    "size_gender": null
}