{
    "measurements": {
        "left_ankle_wrap": 0.21030895,
        "left_arch_height": 0.0078949053,
        "left_back_arch_gap_90": 0.00975559,
        "left_ball_girth": 0.21637249,
        "left_bauer_fit": 0.43005279,
        "left_forefoot_height": 0.026539547,
        "left_heel_to_ball": 0.16716789,
        "left_heel_width": 0.060432509,
        "left_height_80": 0.026539547,
        "left_height_90": 0.021492453,
        "left_instep_girth": 0.21759741,
        "left_instep_height": 0.051624507,
        "left_lateral_half_width": 0.052891318,
        "left_lateral_half_width_44": 0.043153659,
        "left_lateral_half_width_50": 0.04758206,
        "left_lateral_half_width_58": 0.052077316,
        "left_lateral_half_width_66": 0.050952014,
        "left_lateral_half_width_74": 0.046675995,
        "left_lateral_half_width_82": 0.039071485,
        "left_lateral_half_width_90": 0.025259625,
        "left_length": 0.23573516,
        "left_medial_half_width": 0.034505516,
        "left_medial_half_width_44": 0.031742688,
        "left_medial_half_width_50": 0.030630155,
        "left_medial_half_width_58": 0.032423563,
        "left_medial_half_width_66": 0.033957552,
        "left_medial_half_width_74": 0.034409851,
        "left_medial_half_width_82": 0.033053737,
        "left_medial_half_width_90": 0.030070886,
        "left_plastic_height": 0.15160453,
        "left_short_heel_girth": 0.29205635,
        "left_waist_girth": 0.21970992,
        "left_waist_lateral_half_width": 0.041827962,
        "left_width": 0.08739683,
        "right_ankle_wrap": 0.2178012,
        "right_arch_height": 0.010508542,
        "right_back_arch_gap_90": 0.0056710681,
        "right_ball_girth": 0.21761037,
        "right_bauer_fit": 0.42971739,
        "right_forefoot_height": 0.026964273,
        "right_heel_to_ball": 0.17530337,
        "right_heel_width": 0.062726825,
        "right_height_80": 0.026964273,
        "right_height_90": 0.021633439,
        "right_instep_girth": 0.21844622,
        "right_instep_height": 0.050848298,
        "right_lateral_half_width": 0.052627452,
        "right_lateral_half_width_44": 0.042052671,
        "right_lateral_half_width_50": 0.046848431,
        "right_lateral_half_width_58": 0.051516075,
        "right_lateral_half_width_66": 0.0520052,
        "right_lateral_half_width_74": 0.048814129,
        "right_lateral_half_width_82": 0.039857376,
        "right_lateral_half_width_90": 0.025671596,
        "right_length": 0.23291561,
        "right_medial_half_width": 0.034871187,
        "right_medial_half_width_44": 0.034168527,
        "right_medial_half_width_50": 0.033488106,
        "right_medial_half_width_58": 0.032876678,
        "right_medial_half_width_66": 0.034658086,
        "right_medial_half_width_74": 0.034747969,
        "right_medial_half_width_82": 0.03264226,
        "right_medial_half_width_90": 0.029492501,
        "right_plastic_height": 0.15268543,
        "right_short_heel_girth": 0.29000854,
        "right_waist_girth": 0.21803956,
        "right_waist_lateral_half_width": 0.040620133,
        "right_width": 0.087498635
    },
    "size_gender": "female"
}