{
    "measurements": {
        "left_ankle_wrap": 0.22054592,
        "left_arch_height": 0.017211189,
        "left_back_arch_gap_90": 0.0066989963,
        "left_ball_girth": 0.24116765,
        "left_bauer_fit": 0.49070466,
        "left_forefoot_height": 0.034426525,
        "left_heel_to_ball": 0.21975918,
        "left_heel_width": 0.063385531,
        "left_height_80": 0.034426525,
        "left_height_90": 0.026793519,
        "left_instep_girth": 0.25617358,
        "left_instep_height": 0.0690135,
        "left_lateral_half_width": 0.056054369,
        "left_lateral_half_width_44": 0.048434798,
        "left_lateral_half_width_50": 0.051827796,
        "left_lateral_half_width_58": 0.055965528,
        "left_lateral_half_width_66": 0.054902572,
        "left_lateral_half_width_74": 0.051420327,
        "left_lateral_half_width_82": 0.039133105,
        "left_lateral_half_width_90": 0.025387874,
        "left_length": 0.27608177,
        "left_medial_half_width": 0.041333891,
        "left_medial_half_width_44": 0.035177454,
        "left_medial_half_width_50": 0.035525411,
        "left_medial_half_width_58": 0.035608295,
        "left_medial_half_width_66": 0.036591794,
        "left_medial_half_width_74": 0.038366534,
        "left_medial_half_width_82": 0.042819336,
        "left_medial_half_width_90": 0.045881938,
        "left_plastic_height": 0.15209806,
        "left_short_heel_girth": 0.33245313,
        "left_waist_girth": 0.25357836,
        "left_waist_lateral_half_width": 0.046620123,
        "left_width": 0.09738826,
        "right_ankle_wrap": 0.22363004,
        "right_arch_height": 0.016935561,
        "right_back_arch_gap_90": 0.0070926133,
        "right_ball_girth": 0.24527849,
        "right_bauer_fit": 0.49502206,
        "right_forefoot_height": 0.033675574,
        "right_heel_to_ball": 0.22183867,
        "right_heel_width": 0.066589057,
        "right_height_80": 0.033675574,
        "right_height_90": 0.02753102,
        "right_instep_girth": 0.2580457,
        "right_instep_height": 0.065947518,
        "right_lateral_half_width": 0.059436057,
        "right_lateral_half_width_44": 0.049063656,
        "right_lateral_half_width_50": 0.053509045,
        "right_lateral_half_width_58": 0.058829848,
        "right_lateral_half_width_66": 0.05710312,
        "right_lateral_half_width_74": 0.05262189,
        "right_lateral_half_width_82": 0.04033846,
        "right_lateral_half_width_90": 0.028014731,
        "right_length": 0.27964693,
        "right_medial_half_width": 0.039657373,
        "right_medial_half_width_44": 0.038062491,
        "right_medial_half_width_50": 0.037665498,
        "right_medial_half_width_58": 0.037314538,
        "right_medial_half_width_66": 0.038058817,
        "right_medial_half_width_74": 0.039220907,
        "right_medial_half_width_82": 0.040587366,
        "right_medial_half_width_90": 0.041830152,
        "right_plastic_height": 0.15162829,
        "right_short_heel_girth": 0.33353439,
        "right_waist_girth": 0.25823659,
        "right_waist_lateral_half_width": 0.046862077,
        "right_width": 0.09909343
    },
    "size_gender": "male"
}