{
    "measurements": {
        "left_ankle_wrap": 0.22225092,
        "left_arch_height": 0.01501026,
        "left_back_arch_gap_90": 0.010072578,
        "left_ball_girth": 0.23665565,
        "left_bauer_fit": 0.46844202,
        "left_forefoot_height": 0.031916391,
        "left_heel_to_ball": 0.17928459,
        "left_heel_width": 0.063996546,
        "left_height_80": 0.031916391,
        "left_height_90": 0.023010805,
        "left_instep_girth": 0.2455539,
        "left_instep_height": 0.0646155,
        "left_lateral_half_width": 0.055098288,
        "left_lateral_half_width_44": 0.04626308,
        "left_lateral_half_width_50": 0.051716045,
        "left_lateral_half_width_58": 0.054816157,
        "left_lateral_half_width_66": 0.055072878,
        "left_lateral_half_width_74": 0.054713126,
        "left_lateral_half_width_82": 0.048582483,
        "left_lateral_half_width_90": 0.035599776,
        "left_length": 0.23927769,
        "left_medial_half_width": 0.038164187,
        "left_medial_half_width_44": 0.031133493,
        "left_medial_half_width_50": 0.032816872,
        "left_medial_half_width_58": 0.035156529,
        "left_medial_half_width_66": 0.036701486,
        "left_medial_half_width_74": 0.038101375,
        "left_medial_half_width_82": 0.036465522,
        "left_medial_half_width_90": 0.035619155,
        "left_plastic_height": 0.15257379,
        "left_short_heel_girth": 0.32262692,
        "left_waist_girth": 0.23866454,
        "left_waist_lateral_half_width": 0.043885261,
        "left_width": 0.093262479,
        "right_ankle_wrap": 0.22376992,
        "right_arch_height": 0.015538729,
        "right_back_arch_gap_90": 0.0079169925,
        "right_ball_girth": 0.2378815,
        "right_bauer_fit": 0.47041306,
        "right_forefoot_height": 0.031342354,
        "right_heel_to_ball": 0.1753248,
        "right_heel_width": 0.064622447,
        "right_height_80": 0.031342354,
        "right_height_90": 0.021830343,
        "right_instep_girth": 0.23994973,
        "right_instep_height": 0.061886888,
        "right_lateral_half_width": 0.055798657,
        "right_lateral_half_width_44": 0.047234464,
        "right_lateral_half_width_50": 0.051158354,
        "right_lateral_half_width_58": 0.054824241,
        "right_lateral_half_width_66": 0.05577828,
        "right_lateral_half_width_74": 0.054837577,
        "right_lateral_half_width_82": 0.047511511,
        "right_lateral_half_width_90": 0.034329437,
        "right_length": 0.23814176,
        "right_medial_half_width": 0.038549192,
        "right_medial_half_width_44": 0.032904122,
        "right_medial_half_width_50": 0.03351377,
        "right_medial_half_width_58": 0.034604,
        "right_medial_half_width_66": 0.037182093,
        "right_medial_half_width_74": 0.038517516,
        "right_medial_half_width_82": 0.038989842,
        "right_medial_half_width_90": 0.037859004,
        "right_plastic_height": 0.15210523,
        "right_short_heel_girth": 0.317802,
        "right_waist_girth": 0.23946802,
        "right_waist_lateral_half_width": 0.044827182,
        "right_width": 0.094347849
    },
    "size_gender": "female"
}