{
    "measurements": {
        "left_ankle_wrap": 0.22188471,
        "left_arch_height": 0.017615745,
        "left_back_arch_gap_90": 0.00732335,
        "left_ball_girth": 0.24249096,
        "left_bauer_fit": 0.49099961,
        "left_forefoot_height": 0.03442584,
        "left_heel_to_ball": 0.21799618,
        "left_heel_width": 0.064610437,
        "left_height_80": 0.03442584,
        "left_height_90": 0.025632519,
        "left_instep_girth": 0.25635913,
        "left_instep_height": 0.0691395,
        "left_lateral_half_width": 0.0562192,
        "left_lateral_half_width_44": 0.047508277,
        "left_lateral_half_width_50": 0.051884446,
        "left_lateral_half_width_58": 0.056190889,
        "left_lateral_half_width_66": 0.055660043,
        "left_lateral_half_width_74": 0.052363314,
        "left_lateral_half_width_82": 0.039475068,
        "left_lateral_half_width_90": 0.025141349,
        "left_length": 0.27478164,
        "left_medial_half_width": 0.041208077,
        "left_medial_half_width_44": 0.035277132,
        "left_medial_half_width_50": 0.034865841,
        "left_medial_half_width_58": 0.035664778,
        "left_medial_half_width_66": 0.037090749,
        "left_medial_half_width_74": 0.039052978,
        "left_medial_half_width_82": 0.042558864,
        "left_medial_half_width_90": 0.045382351,
        "left_plastic_height": 0.15189782,
        "left_short_heel_girth": 0.33523494,
        "left_waist_girth": 0.25352448,
        "left_waist_lateral_half_width": 0.045878265,
        "left_width": 0.097427279,
        "right_ankle_wrap": 0.21915209,
        "right_arch_height": 0.018299371,
        "right_back_arch_gap_90": 0.0083350092,
        "right_ball_girth": 0.24554063,
        "right_bauer_fit": 0.48869318,
        "right_forefoot_height": 0.033011273,
        "right_heel_to_ball": 0.19937359,
        "right_heel_width": 0.064762391,
        "right_height_80": 0.033011273,
        "right_height_90": 0.02573185,
        "right_instep_girth": 0.25845802,
        "right_instep_height": 0.066400036,
        "right_lateral_half_width": 0.058036208,
        "right_lateral_half_width_44": 0.047520809,
        "right_lateral_half_width_50": 0.05230774,
        "right_lateral_half_width_58": 0.057563514,
        "right_lateral_half_width_66": 0.057698358,
        "right_lateral_half_width_74": 0.053476028,
        "right_lateral_half_width_82": 0.040746,
        "right_lateral_half_width_90": 0.03018577,
        "right_length": 0.27824065,
        "right_medial_half_width": 0.03949108,
        "right_medial_half_width_44": 0.038171332,
        "right_medial_half_width_50": 0.038366523,
        "right_medial_half_width_58": 0.037576262,
        "right_medial_half_width_66": 0.038458,
        "right_medial_half_width_74": 0.039270751,
        "right_medial_half_width_82": 0.04029071,
        "right_medial_half_width_90": 0.041592624,
        "right_plastic_height": 0.15243863,
        "right_short_heel_girth": 0.33374864,
        "right_waist_girth": 0.25687578,
        "right_waist_lateral_half_width": 0.045794167,
        "right_width": 0.097527288
    },
    "size_gender": "male"
}