{
    "measurements": {
        "left_ankle_wrap": 0.19245599,
        "left_arch_height": 0.011424812,
        "left_back_arch_gap_90": 0.0032385732,
        "left_ball_girth": 0.19282261,
        "left_bauer_fit": 0.38714764,
        "left_forefoot_height": 0.027762856,
        "left_heel_to_ball": 0.15096937,
        "left_heel_width": 0.047542356,
        "left_height_80": 0.027762856,
        "left_height_90": 0.017480239,
        "left_instep_girth": 0.19186936,
        "left_instep_height": 0.049707837,
        "left_lateral_half_width": 0.04569713,
        "left_lateral_half_width_44": 0.033555564,
        "left_lateral_half_width_50": 0.037710674,
        "left_lateral_half_width_58": 0.0412096,
        "left_lateral_half_width_66": 0.04464059,
        "left_lateral_half_width_74": 0.045605548,
        "left_lateral_half_width_82": 0.0368377,
        "left_lateral_half_width_90": 0.020605842,
        "left_length": 0.19004302,
        "left_medial_half_width": 0.03223354,
        "left_medial_half_width_44": 0.029729627,
        "left_medial_half_width_50": 0.028414954,
        "left_medial_half_width_58": 0.028193066,
        "left_medial_half_width_66": 0.029749157,
        "left_medial_half_width_74": 0.031276494,
        "left_medial_half_width_82": 0.032881167,
        "left_medial_half_width_90": 0.033179626,
        "left_plastic_height": 0.15263288,
        "left_short_heel_girth": 0.24906655,
        "left_waist_girth": 0.19200584,
        "left_waist_lateral_half_width": 0.032567486,
        "left_width": 0.077930674,
        "right_ankle_wrap": 0.19123524,
        "right_arch_height": 0.013791418,
        "right_back_arch_gap_90": 0.0088566439,
        "right_ball_girth": 0.19656998,
        "right_bauer_fit": 0.3914417,
        "right_forefoot_height": 0.026258776,
        "right_heel_to_ball": 0.14130349,
        "right_heel_width": 0.047902443,
        "right_height_80": 0.026258776,
        "right_height_90": 0.017955799,
        "right_instep_girth": 0.19831561,
        "right_instep_height": 0.047777772,
        "right_lateral_half_width": 0.047937054,
        "right_lateral_half_width_44": 0.035512108,
        "right_lateral_half_width_50": 0.040229306,
        "right_lateral_half_width_58": 0.0438505,
        "right_lateral_half_width_66": 0.046887029,
        "right_lateral_half_width_74": 0.047563765,
        "right_lateral_half_width_82": 0.038641594,
        "right_lateral_half_width_90": 0.023432748,
        "right_length": 0.193655,
        "right_medial_half_width": 0.031431057,
        "right_medial_half_width_44": 0.033164084,
        "right_medial_half_width_50": 0.032333411,
        "right_medial_half_width_58": 0.032201257,
        "right_medial_half_width_66": 0.031241886,
        "right_medial_half_width_74": 0.031406894,
        "right_medial_half_width_82": 0.028738294,
        "right_medial_half_width_90": 0.026244311,
        "right_plastic_height": 0.15089238,
        "right_short_heel_girth": 0.25405228,
        "right_waist_girth": 0.19472273,
        "right_waist_lateral_half_width": 0.033414096,
        "right_width": 0.079368114
    },
    "size_gender": "male"
}