{
    "measurements": {
        "left_ankle_wrap": 0.22375411,
        "left_arch_height": 0.014913414,
        "left_back_arch_gap_90": 0.011992086,
        "left_ball_girth": 0.25663796,
        "left_bauer_fit": 0.50946796,
        "left_forefoot_height": 0.034515034,
        "left_heel_to_ball": 0.19403903,
        "left_heel_width": 0.066370651,
        "left_height_80": 0.034515034,
        "left_height_90": 0.026133176,
        "left_instep_girth": 0.25880751,
        "left_instep_height": 0.0643802,
        "left_lateral_half_width": 0.060984168,
        "left_lateral_half_width_44": 0.050392482,
        "left_lateral_half_width_50": 0.055849049,
        "left_lateral_half_width_58": 0.059143614,
        "left_lateral_half_width_66": 0.060087394,
        "left_lateral_half_width_74": 0.057775546,
        "left_lateral_half_width_82": 0.048029095,
        "left_lateral_half_width_90": 0.036545154,
        "left_length": 0.26672941,
        "left_medial_half_width": 0.041807462,
        "left_medial_half_width_44": 0.037737668,
        "left_medial_half_width_50": 0.037493061,
        "left_medial_half_width_58": 0.037421227,
        "left_medial_half_width_66": 0.040054437,
        "left_medial_half_width_74": 0.041535832,
        "left_medial_half_width_82": 0.037946973,
        "left_medial_half_width_90": 0.033937983,
        "left_plastic_height": 0.15190585,
        "left_short_heel_girth": 0.33910805,
        "left_waist_girth": 0.25597718,
        "left_waist_lateral_half_width": 0.048023693,
        "left_width": 0.10279163,
        "right_ankle_wrap": 0.22158802,
        "right_arch_height": 0.014041464,
        "right_back_arch_gap_90": 0.010958343,
        "right_ball_girth": 0.25376347,
        "right_bauer_fit": 0.50686294,
        "right_forefoot_height": 0.033278815,
        "right_heel_to_ball": 0.18914942,
        "right_heel_width": 0.065593615,
        "right_height_80": 0.033278815,
        "right_height_90": 0.025584096,
        "right_instep_girth": 0.25744703,
        "right_instep_height": 0.063821808,
        "right_lateral_half_width": 0.060666781,
        "right_lateral_half_width_44": 0.051732622,
        "right_lateral_half_width_50": 0.056606106,
        "right_lateral_half_width_58": 0.060009383,
        "right_lateral_half_width_66": 0.059436686,
        "right_lateral_half_width_74": 0.057354324,
        "right_lateral_half_width_82": 0.04899215,
        "right_lateral_half_width_90": 0.036459703,
        "right_length": 0.26352262,
        "right_medial_half_width": 0.041652184,
        "right_medial_half_width_44": 0.035854824,
        "right_medial_half_width_50": 0.035067685,
        "right_medial_half_width_58": 0.036910053,
        "right_medial_half_width_66": 0.039613608,
        "right_medial_half_width_74": 0.041079652,
        "right_medial_half_width_82": 0.036571883,
        "right_medial_half_width_90": 0.034873467,
        "right_plastic_height": 0.15249781,
        "right_short_heel_girth": 0.339273,
        "right_waist_girth": 0.25585055,
        "right_waist_lateral_half_width": 0.048824091,
        "right_width": 0.10231896
    },
    "size_gender": "male"
}