{
    "measurements": {
        "left_ankle_wrap": 0.22529107,
        "left_arch_height": 0.013051149,
        "left_back_arch_gap_90": 0.0082746875,
        "left_ball_girth": 0.24893691,
        "left_bauer_fit": 0.48500744,
        "left_forefoot_height": 0.033989705,
        "left_heel_to_ball": 0.18987498,
        "left_heel_width": 0.0646375,
        "left_height_80": 0.033989705,
        "left_height_90": 0.026182543,
        "left_instep_girth": 0.24920045,
        "left_instep_height": 0.061269529,
        "left_lateral_half_width": 0.05789547,
        "left_lateral_half_width_44": 0.043353319,
        "left_lateral_half_width_50": 0.049646869,
        "left_lateral_half_width_58": 0.05717244,
        "left_lateral_half_width_66": 0.057269756,
        "left_lateral_half_width_74": 0.05706514,
        "left_lateral_half_width_82": 0.04648399,
        "left_lateral_half_width_90": 0.032185446,
        "left_length": 0.2648069,
        "left_medial_half_width": 0.039965473,
        "left_medial_half_width_44": 0.0404915,
        "left_medial_half_width_50": 0.038785633,
        "left_medial_half_width_58": 0.037393011,
        "left_medial_half_width_66": 0.038167603,
        "left_medial_half_width_74": 0.039226048,
        "left_medial_half_width_82": 0.034068163,
        "left_medial_half_width_90": 0.028435465,
        "left_plastic_height": 0.15296999,
        "left_short_heel_girth": 0.32540786,
        "left_waist_girth": 0.24503639,
        "left_waist_lateral_half_width": 0.040133771,
        "left_width": 0.097860947,
        "right_ankle_wrap": 0.22192928,
        "right_arch_height": 0.012697617,
        "right_back_arch_gap_90": 0.0076670591,
        "right_ball_girth": 0.24831538,
        "right_bauer_fit": 0.4870564,
        "right_forefoot_height": 0.032585606,
        "right_heel_to_ball": 0.18745331,
        "right_heel_width": 0.063604072,
        "right_height_80": 0.032585606,
        "right_height_90": 0.026088854,
        "right_instep_girth": 0.24597239,
        "right_instep_height": 0.058206197,
        "right_lateral_half_width": 0.059960794,
        "right_lateral_half_width_44": 0.045678832,
        "right_lateral_half_width_50": 0.051875345,
        "right_lateral_half_width_58": 0.058835912,
        "right_lateral_half_width_66": 0.058113996,
        "right_lateral_half_width_74": 0.056353223,
        "right_lateral_half_width_82": 0.046841253,
        "right_lateral_half_width_90": 0.034116324,
        "right_length": 0.26403156,
        "right_medial_half_width": 0.039080825,
        "right_medial_half_width_44": 0.038830966,
        "right_medial_half_width_50": 0.037713528,
        "right_medial_half_width_58": 0.037218705,
        "right_medial_half_width_66": 0.038730003,
        "right_medial_half_width_74": 0.038525231,
        "right_medial_half_width_82": 0.031963624,
        "right_medial_half_width_90": 0.026838429,
        "right_plastic_height": 0.15257351,
        "right_short_heel_girth": 0.3213897,
        "right_waist_girth": 0.24239299,
        "right_waist_lateral_half_width": 0.042158119,
        "right_width": 0.099041618
    },
    "size_gender": "female"
}