{
    "measurements": {
        "left_ankle_wrap": 0.21663436,
        "left_arch_height": 0.020817604,
        "left_back_arch_gap_90": 0.0070330855,
        "left_ball_girth": 0.24051805,
        "left_bauer_fit": 0.47834289,
        "left_forefoot_height": 0.037042182,
        "left_heel_to_ball": 0.21763597,
        "left_heel_width": 0.063886613,
        "left_height_80": 0.037042182,
        "left_height_90": 0.029364608,
        "left_instep_girth": 0.25309733,
        "left_instep_height": 0.070717543,
        "left_lateral_half_width": 0.054899335,
        "left_lateral_half_width_44": 0.04815799,
        "left_lateral_half_width_50": 0.050872196,
        "left_lateral_half_width_58": 0.05462091,
        "left_lateral_half_width_66": 0.054163285,
        "left_lateral_half_width_74": 0.051470779,
        "left_lateral_half_width_82": 0.039788406,
        "left_lateral_half_width_90": 0.028707493,
        "left_length": 0.27308729,
        "left_medial_half_width": 0.039240472,
        "left_medial_half_width_44": 0.032580268,
        "left_medial_half_width_50": 0.033702549,
        "left_medial_half_width_58": 0.035445761,
        "left_medial_half_width_66": 0.0360926,
        "left_medial_half_width_74": 0.037393223,
        "left_medial_half_width_82": 0.040256735,
        "left_medial_half_width_90": 0.043729689,
        "left_plastic_height": 0.15295792,
        "left_short_heel_girth": 0.3346284,
        "left_waist_girth": 0.25117904,
        "left_waist_lateral_half_width": 0.046408504,
        "left_width": 0.094139807,
        "right_ankle_wrap": 0.21613698,
        "right_arch_height": 0.018111769,
        "right_back_arch_gap_90": 0.0092897443,
        "right_ball_girth": 0.24510132,
        "right_bauer_fit": 0.49296758,
        "right_forefoot_height": 0.033177257,
        "right_heel_to_ball": 0.2081148,
        "right_heel_width": 0.067729682,
        "right_height_80": 0.033177257,
        "right_height_90": 0.025289163,
        "right_instep_girth": 0.25664395,
        "right_instep_height": 0.066106252,
        "right_lateral_half_width": 0.058644272,
        "right_lateral_half_width_44": 0.047951818,
        "right_lateral_half_width_50": 0.052285094,
        "right_lateral_half_width_58": 0.058167178,
        "right_lateral_half_width_66": 0.057437729,
        "right_lateral_half_width_74": 0.053980533,
        "right_lateral_half_width_82": 0.043327637,
        "right_lateral_half_width_90": 0.031536382,
        "right_length": 0.27677524,
        "right_medial_half_width": 0.039938018,
        "right_medial_half_width_44": 0.03815908,
        "right_medial_half_width_50": 0.038318247,
        "right_medial_half_width_58": 0.037497152,
        "right_medial_half_width_66": 0.038282249,
        "right_medial_half_width_74": 0.039850768,
        "right_medial_half_width_82": 0.039391056,
        "right_medial_half_width_90": 0.042282134,
        "right_plastic_height": 0.15213536,
        "right_short_heel_girth": 0.33357075,
        "right_waist_girth": 0.25575382,
        "right_waist_lateral_half_width": 0.04616886,
        "right_width": 0.09858229
    },
    "size_gender": "male"
}