{
    "measurements": {
        "left_ankle_wrap": 0.22046877,
        "left_arch_height": 0.015861841,
        "left_back_arch_gap_90": 0.0071320403,
        "left_ball_girth": 0.24153791,
        "left_bauer_fit": 0.48940197,
        "left_forefoot_height": 0.034143325,
        "left_heel_to_ball": 0.21906379,
        "left_heel_width": 0.063485712,
        "left_height_80": 0.034143325,
        "left_height_90": 0.026732942,
        "left_instep_girth": 0.25591362,
        "left_instep_height": 0.068655826,
        "left_lateral_half_width": 0.056128159,
        "left_lateral_half_width_44": 0.048242431,
        "left_lateral_half_width_50": 0.051625747,
        "left_lateral_half_width_58": 0.05607596,
        "left_lateral_half_width_66": 0.055279482,
        "left_lateral_half_width_74": 0.051556822,
        "left_lateral_half_width_82": 0.039732549,
        "left_lateral_half_width_90": 0.026297327,
        "left_length": 0.27638075,
        "left_medial_half_width": 0.041041855,
        "left_medial_half_width_44": 0.035340492,
        "left_medial_half_width_50": 0.035758991,
        "left_medial_half_width_58": 0.035857644,
        "left_medial_half_width_66": 0.036842022,
        "left_medial_half_width_74": 0.038543582,
        "left_medial_half_width_82": 0.042917073,
        "left_medial_half_width_90": 0.0457672,
        "left_plastic_height": 0.15239191,
        "left_short_heel_girth": 0.33307752,
        "left_waist_girth": 0.25456983,
        "left_waist_lateral_half_width": 0.046104338,
        "left_width": 0.09717001,
        "right_ankle_wrap": 0.21936564,
        "right_arch_height": 0.017559806,
        "right_back_arch_gap_90": 0.0077551813,
        "right_ball_girth": 0.24356651,
        "right_bauer_fit": 0.49193528,
        "right_forefoot_height": 0.033272348,
        "right_heel_to_ball": 0.22130069,
        "right_heel_width": 0.06680049,
        "right_height_80": 0.033272348,
        "right_height_90": 0.027580295,
        "right_instep_girth": 0.25736496,
        "right_instep_height": 0.065671533,
        "right_lateral_half_width": 0.058928009,
        "right_lateral_half_width_44": 0.049006037,
        "right_lateral_half_width_50": 0.053219631,
        "right_lateral_half_width_58": 0.05855152,
        "right_lateral_half_width_66": 0.056686159,
        "right_lateral_half_width_74": 0.052328594,
        "right_lateral_half_width_82": 0.0402902,
        "right_lateral_half_width_90": 0.027847255,
        "right_length": 0.2785995,
        "right_medial_half_width": 0.03951627,
        "right_medial_half_width_44": 0.03812664,
        "right_medial_half_width_50": 0.037084382,
        "right_medial_half_width_58": 0.03720168,
        "right_medial_half_width_66": 0.037780438,
        "right_medial_half_width_74": 0.039212946,
        "right_medial_half_width_82": 0.040328849,
        "right_medial_half_width_90": 0.041602444,
        "right_plastic_height": 0.15205234,
        "right_short_heel_girth": 0.3350651,
        "right_waist_girth": 0.25691941,
        "right_waist_lateral_half_width": 0.046873372,
        "right_width": 0.098444283
    },
    "size_gender": "male"
}