{
    "measurements": {
        "left_ankle_wrap": 0.22430022,
        "left_arch_height": 0.014698153,
        "left_back_arch_gap_90": 0.0076831938,
        "left_ball_girth": 0.23868793,
        "left_bauer_fit": 0.47379681,
        "left_forefoot_height": 0.030915111,
        "left_heel_to_ball": 0.17197256,
        "left_heel_width": 0.05994248,
        "left_height_80": 0.030915111,
        "left_height_90": 0.0227117,
        "left_instep_girth": 0.24043044,
        "left_instep_height": 0.063576609,
        "left_lateral_half_width": 0.056326225,
        "left_lateral_half_width_44": 0.044595335,
        "left_lateral_half_width_50": 0.048116796,
        "left_lateral_half_width_58": 0.053299837,
        "left_lateral_half_width_66": 0.05614768,
        "left_lateral_half_width_74": 0.054608133,
        "left_lateral_half_width_82": 0.050642617,
        "left_lateral_half_width_90": 0.0341798,
        "left_length": 0.2405104,
        "left_medial_half_width": 0.03841285,
        "left_medial_half_width_44": 0.033117209,
        "left_medial_half_width_50": 0.034482487,
        "left_medial_half_width_58": 0.03535153,
        "left_medial_half_width_66": 0.037404373,
        "left_medial_half_width_74": 0.038219839,
        "left_medial_half_width_82": 0.034214728,
        "left_medial_half_width_90": 0.03031571,
        "left_plastic_height": 0.15394755,
        "left_short_heel_girth": 0.30206472,
        "left_waist_girth": 0.23887156,
        "left_waist_lateral_half_width": 0.043133296,
        "left_width": 0.094739079,
        "right_ankle_wrap": 0.24393663,
        "right_arch_height": 0.013766921,
        "right_back_arch_gap_90": 0.010779533,
        "right_ball_girth": 0.23816325,
        "right_bauer_fit": 0.47760454,
        "right_forefoot_height": 0.029009676,
        "right_heel_to_ball": 0.17438759,
        "right_heel_width": 0.059766956,
        "right_height_80": 0.029009676,
        "right_height_90": 0.021299765,
        "right_instep_girth": 0.23874326,
        "right_instep_height": 0.0599767,
        "right_lateral_half_width": 0.057390366,
        "right_lateral_half_width_44": 0.044841088,
        "right_lateral_half_width_50": 0.048753154,
        "right_lateral_half_width_58": 0.053994611,
        "right_lateral_half_width_66": 0.05736167,
        "right_lateral_half_width_74": 0.055820335,
        "right_lateral_half_width_82": 0.050373718,
        "right_lateral_half_width_90": 0.032893028,
        "right_length": 0.24186015,
        "right_medial_half_width": 0.039059483,
        "right_medial_half_width_44": 0.034933731,
        "right_medial_half_width_50": 0.035982374,
        "right_medial_half_width_58": 0.03700636,
        "right_medial_half_width_66": 0.038232356,
        "right_medial_half_width_74": 0.038869932,
        "right_medial_half_width_82": 0.036344931,
        "right_medial_half_width_90": 0.032685623,
        "right_plastic_height": 0.15215768,
        "right_short_heel_girth": 0.29570058,
        "right_waist_girth": 0.2360688,
        "right_waist_lateral_half_width": 0.042654194,
        "right_width": 0.096449852
    },
    "size_gender": "female"
}