{
    "measurements": {
        "left_ankle_wrap": 0.22829519,
        "left_arch_height": 0.009912964,
        "left_back_arch_gap_90": 0.0039568525,
        "left_ball_girth": 0.23195359,
        "left_bauer_fit": 0.45418316,
        "left_forefoot_height": 0.032029346,
        "left_heel_to_ball": 0.18658648,
        "left_heel_width": 0.067032129,
        "left_height_80": 0.032029346,
        "left_height_90": 0.021750668,
        "left_instep_girth": 0.23302922,
        "left_instep_height": 0.059656616,
        "left_lateral_half_width": 0.053623732,
        "left_lateral_half_width_44": 0.044064727,
        "left_lateral_half_width_50": 0.047651779,
        "left_lateral_half_width_58": 0.052041575,
        "left_lateral_half_width_66": 0.053502265,
        "left_lateral_half_width_74": 0.051631834,
        "left_lateral_half_width_82": 0.041425224,
        "left_lateral_half_width_90": 0.024091987,
        "left_length": 0.2477522,
        "left_medial_half_width": 0.037490945,
        "left_medial_half_width_44": 0.033648774,
        "left_medial_half_width_50": 0.033926975,
        "left_medial_half_width_58": 0.034253854,
        "left_medial_half_width_66": 0.035666265,
        "left_medial_half_width_74": 0.037418731,
        "left_medial_half_width_82": 0.035647679,
        "left_medial_half_width_90": 0.034727912,
        "left_plastic_height": 0.15182033,
        "left_short_heel_girth": 0.31221211,
        "left_waist_girth": 0.23510194,
        "left_waist_lateral_half_width": 0.042374946,
        "left_width": 0.091114677,
        "right_ankle_wrap": 0.2273872,
        "right_arch_height": 0.0097540347,
        "right_back_arch_gap_90": 0.0046782796,
        "right_ball_girth": 0.23545831,
        "right_bauer_fit": 0.46750206,
        "right_forefoot_height": 0.031190904,
        "right_heel_to_ball": 0.18395013,
        "right_heel_width": 0.065792844,
        "right_height_80": 0.031190904,
        "right_height_90": 0.021857144,
        "right_instep_girth": 0.23152673,
        "right_instep_height": 0.05756769,
        "right_lateral_half_width": 0.055231959,
        "right_lateral_half_width_44": 0.045841843,
        "right_lateral_half_width_50": 0.049143307,
        "right_lateral_half_width_58": 0.053103264,
        "right_lateral_half_width_66": 0.054900274,
        "right_lateral_half_width_74": 0.052707247,
        "right_lateral_half_width_82": 0.039032388,
        "right_lateral_half_width_90": 0.021563873,
        "right_length": 0.24946104,
        "right_medial_half_width": 0.039441105,
        "right_medial_half_width_44": 0.032847896,
        "right_medial_half_width_50": 0.032881215,
        "right_medial_half_width_58": 0.034688417,
        "right_medial_half_width_66": 0.03660357,
        "right_medial_half_width_74": 0.03942889,
        "right_medial_half_width_82": 0.039361462,
        "right_medial_half_width_90": 0.038580049,
        "right_plastic_height": 0.15248758,
        "right_short_heel_girth": 0.30985209,
        "right_waist_girth": 0.23438695,
        "right_waist_lateral_half_width": 0.044111345,
        "right_width": 0.094673067
    },
    "size_gender": "female"
}