{
    "measurements": {
        "left_ankle_wrap": 0.23644154,
        "left_arch_height": 0.015560756,
        "left_back_arch_gap_90": 0.010595545,
        "left_ball_girth": 0.25287196,
        "left_bauer_fit": 0.50427413,
        "left_forefoot_height": 0.0349331,
        "left_heel_to_ball": 0.19069529,
        "left_heel_width": 0.065751784,
        "left_height_80": 0.0349331,
        "left_height_90": 0.026306842,
        "left_instep_girth": 0.25620586,
        "left_instep_height": 0.064917445,
        "left_lateral_half_width": 0.05983397,
        "left_lateral_half_width_44": 0.049589861,
        "left_lateral_half_width_50": 0.054926578,
        "left_lateral_half_width_58": 0.05917621,
        "left_lateral_half_width_66": 0.059300382,
        "left_lateral_half_width_74": 0.057341851,
        "left_lateral_half_width_82": 0.049337838,
        "left_lateral_half_width_90": 0.038561605,
        "left_length": 0.26553804,
        "left_medial_half_width": 0.041634094,
        "left_medial_half_width_44": 0.036871914,
        "left_medial_half_width_50": 0.036350258,
        "left_medial_half_width_58": 0.037345111,
        "left_medial_half_width_66": 0.039521966,
        "left_medial_half_width_74": 0.041074947,
        "left_medial_half_width_82": 0.037194923,
        "left_medial_half_width_90": 0.035600759,
        "left_plastic_height": 0.15147246,
        "left_short_heel_girth": 0.33415857,
        "left_waist_girth": 0.25270176,
        "left_waist_lateral_half_width": 0.046524964,
        "left_width": 0.10146806,
        "right_ankle_wrap": 0.23094769,
        "right_arch_height": 0.011883224,
        "right_back_arch_gap_90": 0.010325639,
        "right_ball_girth": 0.25518906,
        "right_bauer_fit": 0.51175332,
        "right_forefoot_height": 0.033175871,
        "right_heel_to_ball": 0.19370247,
        "right_heel_width": 0.066255718,
        "right_height_80": 0.033175871,
        "right_height_90": 0.025712861,
        "right_instep_girth": 0.26106659,
        "right_instep_height": 0.061763596,
        "right_lateral_half_width": 0.061455008,
        "right_lateral_half_width_44": 0.051794786,
        "right_lateral_half_width_50": 0.055934146,
        "right_lateral_half_width_58": 0.061113618,
        "right_lateral_half_width_66": 0.060302079,
        "right_lateral_half_width_74": 0.058369778,
        "right_lateral_half_width_82": 0.049929187,
        "right_lateral_half_width_90": 0.03850615,
        "right_length": 0.26400542,
        "right_medial_half_width": 0.042468715,
        "right_medial_half_width_44": 0.039186049,
        "right_medial_half_width_50": 0.037750483,
        "right_medial_half_width_58": 0.037522107,
        "right_medial_half_width_66": 0.040193539,
        "right_medial_half_width_74": 0.042448726,
        "right_medial_half_width_82": 0.036476929,
        "right_medial_half_width_90": 0.034564458,
        "right_plastic_height": 0.1522551,
        "right_short_heel_girth": 0.33578563,
        "right_waist_girth": 0.25975555,
        "right_waist_lateral_half_width": 0.049948603,
        "right_width": 0.10392372
    },
    "size_gender": "male"
}