{
    "measurements": {
        "left_ankle_wrap": 0.23159289,
        "left_arch_height": 0.017691445,
        "left_back_arch_gap_90": 0.0079229493,
        "left_ball_girth": 0.25541636,
        "left_bauer_fit": 0.50578535,
        "left_forefoot_height": 0.036815181,
        "left_heel_to_ball": 0.20176463,
        "left_heel_width": 0.072431743,
        "left_height_80": 0.036815181,
        "left_height_90": 0.02964784,
        "left_instep_girth": 0.26105464,
        "left_instep_height": 0.0666989,
        "left_lateral_half_width": 0.060874518,
        "left_lateral_half_width_44": 0.04900533,
        "left_lateral_half_width_50": 0.052887347,
        "left_lateral_half_width_58": 0.058436267,
        "left_lateral_half_width_66": 0.060413226,
        "left_lateral_half_width_74": 0.060240876,
        "left_lateral_half_width_82": 0.052189864,
        "left_lateral_half_width_90": 0.0385685,
        "left_length": 0.28514996,
        "left_medial_half_width": 0.040531136,
        "left_medial_half_width_44": 0.040684171,
        "left_medial_half_width_50": 0.039573185,
        "left_medial_half_width_58": 0.038720883,
        "left_medial_half_width_66": 0.040280398,
        "left_medial_half_width_74": 0.0401947,
        "left_medial_half_width_82": 0.035886493,
        "left_medial_half_width_90": 0.034191445,
        "left_plastic_height": 0.15285747,
        "left_short_heel_girth": 0.35377535,
        "left_waist_girth": 0.263417,
        "left_waist_lateral_half_width": 0.048076846,
        "left_width": 0.10140565,
        "right_ankle_wrap": 0.23325913,
        "right_arch_height": 0.011071737,
        "right_back_arch_gap_90": 0.01341624,
        "right_ball_girth": 0.25977236,
        "right_bauer_fit": 0.517718,
        "right_forefoot_height": 0.035118174,
        "right_heel_to_ball": 0.18756601,
        "right_heel_width": 0.072916389,
        "right_height_80": 0.035118174,
        "right_height_90": 0.02722672,
        "right_instep_girth": 0.26494873,
        "right_instep_height": 0.0645536,
        "right_lateral_half_width": 0.062805578,
        "right_lateral_half_width_44": 0.049106468,
        "right_lateral_half_width_50": 0.053007454,
        "right_lateral_half_width_58": 0.059294634,
        "right_lateral_half_width_66": 0.062636517,
        "right_lateral_half_width_74": 0.062450334,
        "right_lateral_half_width_82": 0.055578351,
        "right_lateral_half_width_90": 0.042696461,
        "right_length": 0.28804561,
        "right_medial_half_width": 0.041851334,
        "right_medial_half_width_44": 0.043637831,
        "right_medial_half_width_50": 0.043015189,
        "right_medial_half_width_58": 0.042007294,
        "right_medial_half_width_66": 0.041759908,
        "right_medial_half_width_74": 0.040499851,
        "right_medial_half_width_82": 0.034640342,
        "right_medial_half_width_90": 0.031594429,
        "right_plastic_height": 0.15387484,
        "right_short_heel_girth": 0.35569432,
        "right_waist_girth": 0.268478,
        "right_waist_lateral_half_width": 0.047525756,
        "right_width": 0.10465691
    },
    "size_gender": "male"
}