{
    "measurements": {
        "left_ankle_wrap": 0.21196182,
        "left_arch_height": 0.013545275,
        "left_back_arch_gap_90": 0.0028870415,
        "left_ball_girth": 0.21483673,
        "left_bauer_fit": 0.43074438,
        "left_forefoot_height": 0.027452966,
        "left_heel_to_ball": 0.15411989,
        "left_heel_width": 0.05277646,
        "left_height_80": 0.027452966,
        "left_height_90": 0.020178001,
        "left_instep_girth": 0.2141296,
        "left_instep_height": 0.052614447,
        "left_lateral_half_width": 0.052216329,
        "left_lateral_half_width_44": 0.038083289,
        "left_lateral_half_width_50": 0.042929377,
        "left_lateral_half_width_58": 0.048313566,
        "left_lateral_half_width_66": 0.051162556,
        "left_lateral_half_width_74": 0.052198812,
        "left_lateral_half_width_82": 0.046401169,
        "left_lateral_half_width_90": 0.032639511,
        "left_length": 0.2152302,
        "left_medial_half_width": 0.035111595,
        "left_medial_half_width_44": 0.035217598,
        "left_medial_half_width_50": 0.033526592,
        "left_medial_half_width_58": 0.032546885,
        "left_medial_half_width_66": 0.034085538,
        "left_medial_half_width_74": 0.034684733,
        "left_medial_half_width_82": 0.031472959,
        "left_medial_half_width_90": 0.02889286,
        "left_plastic_height": 0.1511059,
        "left_short_heel_girth": 0.27722773,
        "left_waist_girth": 0.21036039,
        "left_waist_lateral_half_width": 0.03591989,
        "left_width": 0.087327927,
        "right_ankle_wrap": 0.20972878,
        "right_arch_height": 0.01654309,
        "right_back_arch_gap_90": 0.010023964,
        "right_ball_girth": 0.21405761,
        "right_bauer_fit": 0.43197906,
        "right_forefoot_height": 0.026449395,
        "right_heel_to_ball": 0.15497597,
        "right_heel_width": 0.051133782,
        "right_height_80": 0.026449395,
        "right_height_90": 0.019898547,
        "right_instep_girth": 0.21702336,
        "right_instep_height": 0.053741809,
        "right_lateral_half_width": 0.052534349,
        "right_lateral_half_width_44": 0.0382284,
        "right_lateral_half_width_50": 0.042614214,
        "right_lateral_half_width_58": 0.047220659,
        "right_lateral_half_width_66": 0.051696673,
        "right_lateral_half_width_74": 0.052275769,
        "right_lateral_half_width_82": 0.049210843,
        "right_lateral_half_width_90": 0.035984915,
        "right_length": 0.21204354,
        "right_medial_half_width": 0.034818366,
        "right_medial_half_width_44": 0.037091736,
        "right_medial_half_width_50": 0.03587338,
        "right_medial_half_width_58": 0.03500345,
        "right_medial_half_width_66": 0.03444555,
        "right_medial_half_width_74": 0.034757812,
        "right_medial_half_width_82": 0.033097208,
        "right_medial_half_width_90": 0.029500842,
        "right_plastic_height": 0.15200467,
        "right_short_heel_girth": 0.28212234,
        "right_waist_girth": 0.21408381,
        "right_waist_lateral_half_width": 0.035899736,
        "right_width": 0.087352715
    },
    "size_gender": null
}