{
    "measurements": {
        "left_ankle_wrap": 0.20397983,
        "left_arch_height": 0.014468205,
        "left_back_arch_gap_90": 0.014562855,
        "left_ball_girth": 0.2374163,
        "left_bauer_fit": 0.46910167,
        "left_forefoot_height": 0.031357802,
        "left_heel_to_ball": 0.18028341,
        "left_heel_width": 0.066555455,
        "left_height_80": 0.031357802,
        "left_height_90": 0.022567697,
        "left_instep_girth": 0.24283278,
        "left_instep_height": 0.063771322,
        "left_lateral_half_width": 0.055439029,
        "left_lateral_half_width_44": 0.046280194,
        "left_lateral_half_width_50": 0.051298428,
        "left_lateral_half_width_58": 0.054662045,
        "left_lateral_half_width_66": 0.055123221,
        "left_lateral_half_width_74": 0.054993045,
        "left_lateral_half_width_82": 0.048144288,
        "left_lateral_half_width_90": 0.035390038,
        "left_length": 0.23978496,
        "left_medial_half_width": 0.038170747,
        "left_medial_half_width_44": 0.031608265,
        "left_medial_half_width_50": 0.033110507,
        "left_medial_half_width_58": 0.035285167,
        "left_medial_half_width_66": 0.03673571,
        "left_medial_half_width_74": 0.038015991,
        "left_medial_half_width_82": 0.036831085,
        "left_medial_half_width_90": 0.036077995,
        "left_plastic_height": 0.15149689,
        "left_short_heel_girth": 0.32485971,
        "left_waist_girth": 0.23821338,
        "left_waist_lateral_half_width": 0.043827061,
        "left_width": 0.09360978,
        "right_ankle_wrap": 0.19707426,
        "right_arch_height": 0.01531595,
        "right_back_arch_gap_90": 0.013805118,
        "right_ball_girth": 0.2404128,
        "right_bauer_fit": 0.47625351,
        "right_forefoot_height": 0.032140441,
        "right_heel_to_ball": 0.17595014,
        "right_heel_width": 0.062620148,
        "right_height_80": 0.032140441,
        "right_height_90": 0.022155287,
        "right_instep_girth": 0.24075352,
        "right_instep_height": 0.062804811,
        "right_lateral_half_width": 0.056263987,
        "right_lateral_half_width_44": 0.04826764,
        "right_lateral_half_width_50": 0.052198377,
        "right_lateral_half_width_58": 0.055130772,
        "right_lateral_half_width_66": 0.056196883,
        "right_lateral_half_width_74": 0.054764062,
        "right_lateral_half_width_82": 0.046480183,
        "right_lateral_half_width_90": 0.033182945,
        "right_length": 0.23696807,
        "right_medial_half_width": 0.0392207,
        "right_medial_half_width_44": 0.031360697,
        "right_medial_half_width_50": 0.032044023,
        "right_medial_half_width_58": 0.034082808,
        "right_medial_half_width_66": 0.037461963,
        "right_medial_half_width_74": 0.03920209,
        "right_medial_half_width_82": 0.03931389,
        "right_medial_half_width_90": 0.037874065,
        "right_plastic_height": 0.15136294,
        "right_short_heel_girth": 0.31469482,
        "right_waist_girth": 0.23906191,
        "right_waist_lateral_half_width": 0.045941677,
        "right_width": 0.095484689
    },
    "size_gender": "female"
}