{
    "measurements": {
        "left_ankle_wrap": 0.22185515,
        "left_arch_height": 0.016749647,
        "left_back_arch_gap_90": 0.0075362539,
        "left_ball_girth": 0.22664075,
        "left_bauer_fit": 0.4469457,
        "left_forefoot_height": 0.031050501,
        "left_heel_to_ball": 0.18766746,
        "left_heel_width": 0.06051375,
        "left_height_80": 0.031050501,
        "left_height_90": 0.023467775,
        "left_instep_girth": 0.23674089,
        "left_instep_height": 0.061931435,
        "left_lateral_half_width": 0.052676655,
        "left_lateral_half_width_44": 0.042010561,
        "left_lateral_half_width_50": 0.045753703,
        "left_lateral_half_width_58": 0.05103549,
        "left_lateral_half_width_66": 0.0525275,
        "left_lateral_half_width_74": 0.052131157,
        "left_lateral_half_width_82": 0.044622175,
        "left_lateral_half_width_90": 0.030761421,
        "left_length": 0.24922374,
        "left_medial_half_width": 0.036241189,
        "left_medial_half_width_44": 0.037722982,
        "left_medial_half_width_50": 0.036264569,
        "left_medial_half_width_58": 0.03512774,
        "left_medial_half_width_66": 0.035006315,
        "left_medial_half_width_74": 0.036200292,
        "left_medial_half_width_82": 0.034361169,
        "left_medial_half_width_90": 0.034004476,
        "left_plastic_height": 0.15250888,
        "left_short_heel_girth": 0.31780434,
        "left_waist_girth": 0.23548111,
        "left_waist_lateral_half_width": 0.040005986,
        "left_width": 0.088917844,
        "right_ankle_wrap": 0.22043432,
        "right_arch_height": 0.014356473,
        "right_back_arch_gap_90": 0.0087345475,
        "right_ball_girth": 0.22593619,
        "right_bauer_fit": 0.45419508,
        "right_forefoot_height": 0.029256949,
        "right_heel_to_ball": 0.18644752,
        "right_heel_width": 0.060015172,
        "right_height_80": 0.029256949,
        "right_height_90": 0.022871742,
        "right_instep_girth": 0.2348875,
        "right_instep_height": 0.057482339,
        "right_lateral_half_width": 0.055006638,
        "right_lateral_half_width_44": 0.040459327,
        "right_lateral_half_width_50": 0.045023974,
        "right_lateral_half_width_58": 0.050555471,
        "right_lateral_half_width_66": 0.053743165,
        "right_lateral_half_width_74": 0.054353192,
        "right_lateral_half_width_82": 0.046736594,
        "right_lateral_half_width_90": 0.035933267,
        "right_length": 0.25042748,
        "right_medial_half_width": 0.036612935,
        "right_medial_half_width_44": 0.041158613,
        "right_medial_half_width_50": 0.038781818,
        "right_medial_half_width_58": 0.036717672,
        "right_medial_half_width_66": 0.035817865,
        "right_medial_half_width_74": 0.036602117,
        "right_medial_half_width_82": 0.032681808,
        "right_medial_half_width_90": 0.029734882,
        "right_plastic_height": 0.15174997,
        "right_short_heel_girth": 0.31874686,
        "right_waist_girth": 0.23527059,
        "right_waist_lateral_half_width": 0.038207598,
        "right_width": 0.091619574
    },
    "size_gender": null
}