{
    "measurements": {
        "left_ankle_wrap": 0.27082321,
        "left_arch_height": 0.017796278,
        "left_back_arch_gap_90": 0.00430083,
        "left_ball_girth": 0.2524806,
        "left_bauer_fit": 0.49208286,
        "left_forefoot_height": 0.035693672,
        "left_heel_to_ball": 0.18249756,
        "left_heel_width": 0.062767871,
        "left_height_80": 0.035693672,
        "left_height_90": 0.027406454,
        "left_instep_girth": 0.24970938,
        "left_instep_height": 0.067518428,
        "left_lateral_half_width": 0.057881016,
        "left_lateral_half_width_44": 0.045217749,
        "left_lateral_half_width_50": 0.049530342,
        "left_lateral_half_width_58": 0.055565149,
        "left_lateral_half_width_66": 0.057667937,
        "left_lateral_half_width_74": 0.05763087,
        "left_lateral_half_width_82": 0.050897833,
        "left_lateral_half_width_90": 0.033893064,
        "left_length": 0.23762703,
        "left_medial_half_width": 0.040170819,
        "left_medial_half_width_44": 0.034335639,
        "left_medial_half_width_50": 0.034414142,
        "left_medial_half_width_58": 0.03465496,
        "left_medial_half_width_66": 0.038426779,
        "left_medial_half_width_74": 0.040094905,
        "left_medial_half_width_82": 0.039097954,
        "left_medial_half_width_90": 0.038426541,
        "left_plastic_height": 0.15178645,
        "left_short_heel_girth": 0.32095733,
        "left_waist_girth": 0.24549992,
        "left_waist_lateral_half_width": 0.042873915,
        "left_width": 0.098051831,
        "right_ankle_wrap": 0.25113136,
        "right_arch_height": 0.015712732,
        "right_back_arch_gap_90": 0.0064791706,
        "right_ball_girth": 0.25154263,
        "right_bauer_fit": 0.49230948,
        "right_forefoot_height": 0.033834349,
        "right_heel_to_ball": 0.17329925,
        "right_heel_width": 0.0644243,
        "right_height_80": 0.033834349,
        "right_height_90": 0.025795931,
        "right_instep_girth": 0.24585795,
        "right_instep_height": 0.06319838,
        "right_lateral_half_width": 0.058683831,
        "right_lateral_half_width_44": 0.04621977,
        "right_lateral_half_width_50": 0.049921546,
        "right_lateral_half_width_58": 0.056173988,
        "right_lateral_half_width_66": 0.058155477,
        "right_lateral_half_width_74": 0.058654688,
        "right_lateral_half_width_82": 0.052055918,
        "right_lateral_half_width_90": 0.0332942,
        "right_length": 0.2403947,
        "right_medial_half_width": 0.040418044,
        "right_medial_half_width_44": 0.03507036,
        "right_medial_half_width_50": 0.035077535,
        "right_medial_half_width_58": 0.036425114,
        "right_medial_half_width_66": 0.038762584,
        "right_medial_half_width_74": 0.04018341,
        "right_medial_half_width_82": 0.03931269,
        "right_medial_half_width_90": 0.037975665,
        "right_plastic_height": 0.15307413,
        "right_short_heel_girth": 0.31956491,
        "right_waist_girth": 0.24357167,
        "right_waist_lateral_half_width": 0.043490279,
        "right_width": 0.099101871
    },
    "size_gender": "female"
}