{
    "measurements": {
        "left_ankle_wrap": 0.23787013,
        "left_arch_height": 0.018913673,
        "left_back_arch_gap_90": 0.0044683344,
        "left_ball_girth": 0.24571459,
        "left_bauer_fit": 0.49579811,
        "left_forefoot_height": 0.03647431,
        "left_heel_to_ball": 0.21695015,
        "left_heel_width": 0.064365365,
        "left_height_80": 0.03647431,
        "left_height_90": 0.029291829,
        "left_instep_girth": 0.25625059,
        "left_instep_height": 0.071038239,
        "left_lateral_half_width": 0.05577936,
        "left_lateral_half_width_44": 0.049353886,
        "left_lateral_half_width_50": 0.051841769,
        "left_lateral_half_width_58": 0.0556619,
        "left_lateral_half_width_66": 0.0556093,
        "left_lateral_half_width_74": 0.053082645,
        "left_lateral_half_width_82": 0.04131867,
        "left_lateral_half_width_90": 0.025729371,
        "left_length": 0.27355465,
        "left_medial_half_width": 0.042317603,
        "left_medial_half_width_44": 0.032630149,
        "left_medial_half_width_50": 0.034089483,
        "left_medial_half_width_58": 0.035656951,
        "left_medial_half_width_66": 0.037056122,
        "left_medial_half_width_74": 0.039598007,
        "left_medial_half_width_82": 0.044151302,
        "left_medial_half_width_90": 0.047602322,
        "left_plastic_height": 0.15357329,
        "left_short_heel_girth": 0.3381252,
        "left_waist_girth": 0.25414279,
        "left_waist_lateral_half_width": 0.047339953,
        "left_width": 0.098096967,
        "right_ankle_wrap": 0.23628925,
        "right_arch_height": 0.017629476,
        "right_back_arch_gap_90": 0.0091141742,
        "right_ball_girth": 0.24776638,
        "right_bauer_fit": 0.49984741,
        "right_forefoot_height": 0.034128204,
        "right_heel_to_ball": 0.22015658,
        "right_heel_width": 0.068479329,
        "right_height_80": 0.034128204,
        "right_height_90": 0.027656853,
        "right_instep_girth": 0.26169971,
        "right_instep_height": 0.06622383,
        "right_lateral_half_width": 0.059603997,
        "right_lateral_half_width_44": 0.049355023,
        "right_lateral_half_width_50": 0.053564705,
        "right_lateral_half_width_58": 0.059386566,
        "right_lateral_half_width_66": 0.057863139,
        "right_lateral_half_width_74": 0.053637903,
        "right_lateral_half_width_82": 0.043754563,
        "right_lateral_half_width_90": 0.032842584,
        "right_length": 0.27758145,
        "right_medial_half_width": 0.040540017,
        "right_medial_half_width_44": 0.039532308,
        "right_medial_half_width_50": 0.038995784,
        "right_medial_half_width_58": 0.038185086,
        "right_medial_half_width_66": 0.038563527,
        "right_medial_half_width_74": 0.039448593,
        "right_medial_half_width_82": 0.041450296,
        "right_medial_half_width_90": 0.041017864,
        "right_plastic_height": 0.15300873,
        "right_short_heel_girth": 0.34149003,
        "right_waist_girth": 0.25968203,
        "right_waist_lateral_half_width": 0.047364395,
        "right_width": 0.10014401
    },
    "size_gender": "male"
}