{
    "measurements": {
        "left_ankle_wrap": 0.22560538,
        "left_arch_height": 0.010894743,
        "left_back_arch_gap_90": 0.010057896,
        "left_ball_girth": 0.22557901,
        "left_bauer_fit": 0.44039133,
        "left_forefoot_height": 0.031012787,
        "left_heel_to_ball": 0.14826815,
        "left_heel_width": 0.062078983,
        "left_height_80": 0.031012787,
        "left_height_90": 0.024882404,
        "left_instep_girth": 0.23408987,
        "left_instep_height": 0.055919807,
        "left_lateral_half_width": 0.053236246,
        "left_lateral_half_width_44": 0.042797714,
        "left_lateral_half_width_50": 0.047546737,
        "left_lateral_half_width_58": 0.051955521,
        "left_lateral_half_width_66": 0.053126436,
        "left_lateral_half_width_74": 0.05273135,
        "left_lateral_half_width_82": 0.04635296,
        "left_lateral_half_width_90": 0.03881944,
        "left_length": 0.22783336,
        "left_medial_half_width": 0.035556253,
        "left_medial_half_width_44": 0.039209452,
        "left_medial_half_width_50": 0.037895355,
        "left_medial_half_width_58": 0.036553733,
        "left_medial_half_width_66": 0.035393458,
        "left_medial_half_width_74": 0.034192927,
        "left_medial_half_width_82": 0.031513844,
        "left_medial_half_width_90": 0.027972816,
        "left_plastic_height": 0.15309392,
        "left_short_heel_girth": 0.30154,
        "left_waist_girth": 0.23220824,
        "left_waist_lateral_half_width": 0.040356591,
        "left_width": 0.0887925,
        "right_ankle_wrap": 0.20753603,
        "right_arch_height": 0.012771935,
        "right_back_arch_gap_90": 0.0084650237,
        "right_ball_girth": 0.22555435,
        "right_bauer_fit": 0.43520561,
        "right_forefoot_height": 0.030322054,
        "right_heel_to_ball": 0.15104389,
        "right_heel_width": 0.061073706,
        "right_height_80": 0.030322054,
        "right_height_90": 0.023046654,
        "right_instep_girth": 0.22871138,
        "right_instep_height": 0.052566674,
        "right_lateral_half_width": 0.053100869,
        "right_lateral_half_width_44": 0.043023024,
        "right_lateral_half_width_50": 0.047800455,
        "right_lateral_half_width_58": 0.052593146,
        "right_lateral_half_width_66": 0.052787837,
        "right_lateral_half_width_74": 0.052464917,
        "right_lateral_half_width_82": 0.04784311,
        "right_lateral_half_width_90": 0.036773689,
        "right_length": 0.23148176,
        "right_medial_half_width": 0.035268404,
        "right_medial_half_width_44": 0.039734859,
        "right_medial_half_width_50": 0.038093947,
        "right_medial_half_width_58": 0.035863336,
        "right_medial_half_width_66": 0.035187606,
        "right_medial_half_width_74": 0.034928203,
        "right_medial_half_width_82": 0.032763,
        "right_medial_half_width_90": 0.030387586,
        "right_plastic_height": 0.15139046,
        "right_short_heel_girth": 0.30013204,
        "right_waist_girth": 0.2279647,
        "right_waist_lateral_half_width": 0.040560056,
        "right_width": 0.088369273
    },
    "size_gender": "female"
}