{
    "measurements": {
        "left_ankle_wrap": 0.2067699,
        "left_arch_height": 0.0045895204,
        "left_back_arch_gap_90": 0.01208098,
        "left_ball_girth": 0.22454174,
        "left_bauer_fit": 0.43929753,
        "left_forefoot_height": 0.030281836,
        "left_heel_to_ball": 0.16969465,
        "left_heel_width": 0.063743874,
        "left_height_80": 0.030281836,
        "left_height_90": 0.022351965,
        "left_instep_girth": 0.227701,
        "left_instep_height": 0.049240004,
        "left_lateral_half_width": 0.054324489,
        "left_lateral_half_width_44": 0.046745323,
        "left_lateral_half_width_50": 0.049886253,
        "left_lateral_half_width_58": 0.053641684,
        "left_lateral_half_width_66": 0.053401913,
        "left_lateral_half_width_74": 0.052186821,
        "left_lateral_half_width_82": 0.042264894,
        "left_lateral_half_width_90": 0.031347513,
        "left_length": 0.2474941,
        "left_medial_half_width": 0.035758078,
        "left_medial_half_width_44": 0.037266243,
        "left_medial_half_width_50": 0.035620976,
        "left_medial_half_width_58": 0.035243787,
        "left_medial_half_width_66": 0.035597865,
        "left_medial_half_width_74": 0.035233907,
        "left_medial_half_width_82": 0.030010128,
        "left_medial_half_width_90": 0.023698201,
        "left_plastic_height": 0.15262665,
        "left_short_heel_girth": 0.30057523,
        "left_waist_girth": 0.23559609,
        "left_waist_lateral_half_width": 0.044616003,
        "left_width": 0.090082571,
        "right_ankle_wrap": 0.20601159,
        "right_arch_height": 0.0083140507,
        "right_back_arch_gap_90": 0.012579343,
        "right_ball_girth": 0.22825283,
        "right_bauer_fit": 0.45020115,
        "right_forefoot_height": 0.029055467,
        "right_heel_to_ball": 0.18414825,
        "right_heel_width": 0.065726094,
        "right_height_80": 0.029055467,
        "right_height_90": 0.022282902,
        "right_instep_girth": 0.22852829,
        "right_instep_height": 0.051021188,
        "right_lateral_half_width": 0.055066809,
        "right_lateral_half_width_44": 0.046491243,
        "right_lateral_half_width_50": 0.048762,
        "right_lateral_half_width_58": 0.053923655,
        "right_lateral_half_width_66": 0.054612081,
        "right_lateral_half_width_74": 0.05101797,
        "right_lateral_half_width_82": 0.043297727,
        "right_lateral_half_width_90": 0.027765278,
        "right_length": 0.247222,
        "right_medial_half_width": 0.037122559,
        "right_medial_half_width_44": 0.038213477,
        "right_medial_half_width_50": 0.036968082,
        "right_medial_half_width_58": 0.035404593,
        "right_medial_half_width_66": 0.036415827,
        "right_medial_half_width_74": 0.037121847,
        "right_medial_half_width_82": 0.032832485,
        "right_medial_half_width_90": 0.026198927,
        "right_plastic_height": 0.15142149,
        "right_short_heel_girth": 0.30188584,
        "right_waist_girth": 0.23438998,
        "right_waist_lateral_half_width": 0.044571865,
        "right_width": 0.092189372
    },
    "size_gender": "female"
}