{
    "measurements": {
        "left_ankle_wrap": 0.21932679,
        "left_arch_height": 0.017307581,
        "left_back_arch_gap_90": 0.008116317,
        "left_ball_girth": 0.24081489,
        "left_bauer_fit": 0.48205379,
        "left_forefoot_height": 0.035011146,
        "left_heel_to_ball": 0.21966855,
        "left_heel_width": 0.064266354,
        "left_height_80": 0.035011146,
        "left_height_90": 0.02906388,
        "left_instep_girth": 0.25596574,
        "left_instep_height": 0.068675406,
        "left_lateral_half_width": 0.056079313,
        "left_lateral_half_width_44": 0.048208248,
        "left_lateral_half_width_50": 0.051745821,
        "left_lateral_half_width_58": 0.055882629,
        "left_lateral_half_width_66": 0.055276614,
        "left_lateral_half_width_74": 0.052024249,
        "left_lateral_half_width_82": 0.039667603,
        "left_lateral_half_width_90": 0.026884526,
        "left_length": 0.2771399,
        "left_medial_half_width": 0.039389137,
        "left_medial_half_width_44": 0.035483409,
        "left_medial_half_width_50": 0.035456397,
        "left_medial_half_width_58": 0.036076404,
        "left_medial_half_width_66": 0.036838304,
        "left_medial_half_width_74": 0.038139377,
        "left_medial_half_width_82": 0.040331185,
        "left_medial_half_width_90": 0.042781491,
        "left_plastic_height": 0.15208068,
        "left_short_heel_girth": 0.33558235,
        "left_waist_girth": 0.25293672,
        "left_waist_lateral_half_width": 0.046321888,
        "left_width": 0.095468447,
        "right_ankle_wrap": 0.21730992,
        "right_arch_height": 0.017311765,
        "right_back_arch_gap_90": 0.0087751541,
        "right_ball_girth": 0.24508886,
        "right_bauer_fit": 0.49468851,
        "right_forefoot_height": 0.033662893,
        "right_heel_to_ball": 0.22219343,
        "right_heel_width": 0.066489123,
        "right_height_80": 0.033662893,
        "right_height_90": 0.025742309,
        "right_instep_girth": 0.2581079,
        "right_instep_height": 0.066701688,
        "right_lateral_half_width": 0.058880515,
        "right_lateral_half_width_44": 0.048965778,
        "right_lateral_half_width_50": 0.052901387,
        "right_lateral_half_width_58": 0.058630649,
        "right_lateral_half_width_66": 0.056947328,
        "right_lateral_half_width_74": 0.052928805,
        "right_lateral_half_width_82": 0.0406238,
        "right_lateral_half_width_90": 0.026794845,
        "right_length": 0.27788964,
        "right_medial_half_width": 0.039961711,
        "right_medial_half_width_44": 0.037216235,
        "right_medial_half_width_50": 0.037139237,
        "right_medial_half_width_58": 0.037226692,
        "right_medial_half_width_66": 0.037955049,
        "right_medial_half_width_74": 0.039125934,
        "right_medial_half_width_82": 0.040803898,
        "right_medial_half_width_90": 0.043086912,
        "right_plastic_height": 0.15208855,
        "right_short_heel_girth": 0.33526757,
        "right_waist_girth": 0.25774458,
        "right_waist_lateral_half_width": 0.046721525,
        "right_width": 0.098842226
    },
    "size_gender": "male"
}