{
    "measurements": {
        "left_ankle_wrap": 0.24707553,
        "left_arch_height": 0.010197137,
        "left_back_arch_gap_90": 0.0082771964,
        "left_ball_girth": 0.23965286,
        "left_bauer_fit": 0.46710703,
        "left_forefoot_height": 0.032061439,
        "left_heel_to_ball": 0.17130987,
        "left_heel_width": 0.067635305,
        "left_height_80": 0.032061439,
        "left_height_90": 0.024584405,
        "left_instep_girth": 0.24772941,
        "left_instep_height": 0.059086829,
        "left_lateral_half_width": 0.056511775,
        "left_lateral_half_width_44": 0.046009336,
        "left_lateral_half_width_50": 0.049996462,
        "left_lateral_half_width_58": 0.054541882,
        "left_lateral_half_width_66": 0.056089777,
        "left_lateral_half_width_74": 0.055372305,
        "left_lateral_half_width_82": 0.046691492,
        "left_lateral_half_width_90": 0.028811198,
        "left_length": 0.24454167,
        "left_medial_half_width": 0.037719216,
        "left_medial_half_width_44": 0.04023448,
        "left_medial_half_width_50": 0.039796874,
        "left_medial_half_width_58": 0.037996966,
        "left_medial_half_width_66": 0.037376158,
        "left_medial_half_width_74": 0.037028611,
        "left_medial_half_width_82": 0.034929432,
        "left_medial_half_width_90": 0.030992182,
        "left_plastic_height": 0.15104511,
        "left_short_heel_girth": 0.32523149,
        "left_waist_girth": 0.24915172,
        "left_waist_lateral_half_width": 0.044112157,
        "left_width": 0.094230995,
        "right_ankle_wrap": 0.24070989,
        "right_arch_height": 0.01212409,
        "right_back_arch_gap_90": 0.011470235,
        "right_ball_girth": 0.23537922,
        "right_bauer_fit": 0.46338218,
        "right_forefoot_height": 0.032721117,
        "right_heel_to_ball": 0.15848944,
        "right_heel_width": 0.065613315,
        "right_height_80": 0.032721117,
        "right_height_90": 0.024963481,
        "right_instep_girth": 0.24464248,
        "right_instep_height": 0.05855795,
        "right_lateral_half_width": 0.056053452,
        "right_lateral_half_width_44": 0.042714868,
        "right_lateral_half_width_50": 0.046909083,
        "right_lateral_half_width_58": 0.053281303,
        "right_lateral_half_width_66": 0.056028757,
        "right_lateral_half_width_74": 0.054920297,
        "right_lateral_half_width_82": 0.04885193,
        "right_lateral_half_width_90": 0.034227118,
        "right_length": 0.24256623,
        "right_medial_half_width": 0.037439447,
        "right_medial_half_width_44": 0.043744691,
        "right_medial_half_width_50": 0.042916525,
        "right_medial_half_width_58": 0.039563097,
        "right_medial_half_width_66": 0.037334044,
        "right_medial_half_width_74": 0.03581972,
        "right_medial_half_width_82": 0.032176659,
        "right_medial_half_width_90": 0.025204217,
        "right_plastic_height": 0.15284136,
        "right_short_heel_girth": 0.32356954,
        "right_waist_girth": 0.24709877,
        "right_waist_lateral_half_width": 0.040933803,
        "right_width": 0.093492895
    },
    "size_gender": null
}