{
    "measurements": {
        "left_ankle_wrap": 0.14162007,
        "left_arch_height": 0.0067519411,
        "left_back_arch_gap_90": 0.0075399685,
        "left_ball_girth": 0.16912153,
        "left_bauer_fit": 0.33984262,
        "left_forefoot_height": 0.020278761,
        "left_heel_to_ball": 0.13096537,
        "left_heel_width": 0.04154104,
        "left_height_80": 0.020278761,
        "left_height_90": 0.01341603,
        "left_instep_girth": 0.16679272,
        "left_instep_height": 0.04002741,
        "left_lateral_half_width": 0.04035271,
        "left_lateral_half_width_44": 0.031960513,
        "left_lateral_half_width_50": 0.034948532,
        "left_lateral_half_width_58": 0.037772506,
        "left_lateral_half_width_66": 0.039707854,
        "left_lateral_half_width_74": 0.040179145,
        "left_lateral_half_width_82": 0.034374636,
        "left_lateral_half_width_90": 0.021743951,
        "left_length": 0.16444771,
        "left_medial_half_width": 0.02888868,
        "left_medial_half_width_44": 0.024730153,
        "left_medial_half_width_50": 0.024935374,
        "left_medial_half_width_58": 0.026101464,
        "left_medial_half_width_66": 0.026206294,
        "left_medial_half_width_74": 0.028053423,
        "left_medial_half_width_82": 0.028950252,
        "left_medial_half_width_90": 0.03055441,
        "left_plastic_height": 0.15128611,
        "left_short_heel_girth": 0.20657693,
        "left_waist_girth": 0.16657233,
        "left_waist_lateral_half_width": 0.030154636,
        "left_width": 0.06924139,
        "right_ankle_wrap": 0.14596961,
        "right_arch_height": 0.010271129,
        "right_back_arch_gap_90": 0.0028261789,
        "right_ball_girth": 0.16146067,
        "right_bauer_fit": 0.32513154,
        "right_forefoot_height": 0.019777847,
        "right_heel_to_ball": 0.10607868,
        "right_heel_width": 0.039636716,
        "right_height_80": 0.019777847,
        "right_height_90": 0.014312542,
        "right_instep_girth": 0.16159761,
        "right_instep_height": 0.039734609,
        "right_lateral_half_width": 0.039682753,
        "right_lateral_half_width_44": 0.029297659,
        "right_lateral_half_width_50": 0.032047492,
        "right_lateral_half_width_58": 0.035614859,
        "right_lateral_half_width_66": 0.039248113,
        "right_lateral_half_width_74": 0.039664209,
        "right_lateral_half_width_82": 0.035027012,
        "right_lateral_half_width_90": 0.023607537,
        "right_length": 0.16285166,
        "right_medial_half_width": 0.026228782,
        "right_medial_half_width_44": 0.02589938,
        "right_medial_half_width_50": 0.025645278,
        "right_medial_half_width_58": 0.025781527,
        "right_medial_half_width_66": 0.026192972,
        "right_medial_half_width_74": 0.02570227,
        "right_medial_half_width_82": 0.023947859,
        "right_medial_half_width_90": 0.022472752,
        "right_plastic_height": 0.15115181,
        "right_short_heel_girth": 0.20760246,
        "right_waist_girth": 0.16153166,
        "right_waist_lateral_half_width": 0.027825881,
        "right_width": 0.065911531
    },
    "size_gender": "female"
}