{
    "measurements": {
        "left_ankle_wrap": 0.27927062,
        "left_arch_height": 0.016150864,
        "left_back_arch_gap_90": 0.0040014139,
        "left_ball_girth": 0.24816604,
        "left_bauer_fit": 0.48450971,
        "left_forefoot_height": 0.036933418,
        "left_heel_to_ball": 0.17110062,
        "left_heel_width": 0.062789738,
        "left_height_80": 0.036933418,
        "left_height_90": 0.031572361,
        "left_instep_girth": 0.24833573,
        "left_instep_height": 0.067245737,
        "left_lateral_half_width": 0.057618089,
        "left_lateral_half_width_44": 0.044959351,
        "left_lateral_half_width_50": 0.048990678,
        "left_lateral_half_width_58": 0.055281371,
        "left_lateral_half_width_66": 0.056316897,
        "left_lateral_half_width_74": 0.057342771,
        "left_lateral_half_width_82": 0.053335879,
        "left_lateral_half_width_90": 0.039932769,
        "left_length": 0.23874205,
        "left_medial_half_width": 0.038747728,
        "left_medial_half_width_44": 0.034870535,
        "left_medial_half_width_50": 0.03462337,
        "left_medial_half_width_58": 0.034996826,
        "left_medial_half_width_66": 0.037530653,
        "left_medial_half_width_74": 0.038411882,
        "left_medial_half_width_82": 0.035744879,
        "left_medial_half_width_90": 0.033018712,
        "left_plastic_height": 0.1523816,
        "left_short_heel_girth": 0.32661974,
        "left_waist_girth": 0.24498652,
        "left_waist_lateral_half_width": 0.04246828,
        "left_width": 0.096365817,
        "right_ankle_wrap": 0.2658323,
        "right_arch_height": 0.016011676,
        "right_back_arch_gap_90": 0.0032486089,
        "right_ball_girth": 0.25165674,
        "right_bauer_fit": 0.49606687,
        "right_forefoot_height": 0.038405031,
        "right_heel_to_ball": 0.16927336,
        "right_heel_width": 0.064242363,
        "right_height_80": 0.038405031,
        "right_height_90": 0.035183452,
        "right_instep_girth": 0.24991362,
        "right_instep_height": 0.063704014,
        "right_lateral_half_width": 0.060069792,
        "right_lateral_half_width_44": 0.046887983,
        "right_lateral_half_width_50": 0.050931778,
        "right_lateral_half_width_58": 0.055772614,
        "right_lateral_half_width_66": 0.058899928,
        "right_lateral_half_width_74": 0.060018893,
        "right_lateral_half_width_82": 0.052242283,
        "right_lateral_half_width_90": 0.036142666,
        "right_length": 0.24075408,
        "right_medial_half_width": 0.039783061,
        "right_medial_half_width_44": 0.037127931,
        "right_medial_half_width_50": 0.037550956,
        "right_medial_half_width_58": 0.03835484,
        "right_medial_half_width_66": 0.039250433,
        "right_medial_half_width_74": 0.03950968,
        "right_medial_half_width_82": 0.037590452,
        "right_medial_half_width_90": 0.0345203,
        "right_plastic_height": 0.15284084,
        "right_short_heel_girth": 0.32466474,
        "right_waist_girth": 0.24733052,
        "right_waist_lateral_half_width": 0.044156484,
        "right_width": 0.099852853
    },
    "size_gender": "female"
}