{
    "measurements": {
        "left_ankle_wrap": 0.22054,
        "left_arch_height": 0.012772836,
        "left_back_arch_gap_90": 0.0099003175,
        "left_ball_girth": 0.21904097,
        "left_bauer_fit": 0.42374811,
        "left_forefoot_height": 0.031528741,
        "left_heel_to_ball": 0.15832652,
        "left_heel_width": 0.058058497,
        "left_height_80": 0.031528741,
        "left_height_90": 0.02181159,
        "left_instep_girth": 0.22127128,
        "left_instep_height": 0.055351537,
        "left_lateral_half_width": 0.050849464,
        "left_lateral_half_width_44": 0.043380115,
        "left_lateral_half_width_50": 0.04801077,
        "left_lateral_half_width_58": 0.050274253,
        "left_lateral_half_width_66": 0.050436772,
        "left_lateral_half_width_74": 0.050813943,
        "left_lateral_half_width_82": 0.044753451,
        "left_lateral_half_width_90": 0.03354498,
        "left_length": 0.22465573,
        "left_medial_half_width": 0.034230575,
        "left_medial_half_width_44": 0.031509191,
        "left_medial_half_width_50": 0.031535331,
        "left_medial_half_width_58": 0.033020329,
        "left_medial_half_width_66": 0.03360641,
        "left_medial_half_width_74": 0.033509757,
        "left_medial_half_width_82": 0.031124404,
        "left_medial_half_width_90": 0.024513574,
        "left_plastic_height": 0.15259476,
        "left_short_heel_girth": 0.29012391,
        "left_waist_girth": 0.21906804,
        "left_waist_lateral_half_width": 0.0412164,
        "left_width": 0.085080042,
        "right_ankle_wrap": 0.21133204,
        "right_arch_height": 0.0119224,
        "right_back_arch_gap_90": 0.0087119555,
        "right_ball_girth": 0.22107033,
        "right_bauer_fit": 0.43085405,
        "right_forefoot_height": 0.029411102,
        "right_heel_to_ball": 0.15491998,
        "right_heel_width": 0.056531481,
        "right_height_80": 0.029411102,
        "right_height_90": 0.021114253,
        "right_instep_girth": 0.22327428,
        "right_instep_height": 0.053347986,
        "right_lateral_half_width": 0.052390847,
        "right_lateral_half_width_44": 0.043525934,
        "right_lateral_half_width_50": 0.047113363,
        "right_lateral_half_width_58": 0.050813254,
        "right_lateral_half_width_66": 0.051758394,
        "right_lateral_half_width_74": 0.051944241,
        "right_lateral_half_width_82": 0.044826884,
        "right_lateral_half_width_90": 0.033073451,
        "right_length": 0.22628298,
        "right_medial_half_width": 0.034792997,
        "right_medial_half_width_44": 0.035638504,
        "right_medial_half_width_50": 0.035355724,
        "right_medial_half_width_58": 0.034422927,
        "right_medial_half_width_66": 0.034486845,
        "right_medial_half_width_74": 0.034175716,
        "right_medial_half_width_82": 0.032777343,
        "right_medial_half_width_90": 0.026115911,
        "right_plastic_height": 0.15272701,
        "right_short_heel_girth": 0.29054034,
        "right_waist_girth": 0.22418144,
        "right_waist_lateral_half_width": 0.041111242,
        "right_width": 0.087183848
    },
    "size_gender": "female"
}