{
    "measurements": {
        "left_ankle_wrap": 0.1969991,
        "left_arch_height": 0.01422302,
        "left_back_arch_gap_90": 0.010108657,
        "left_ball_girth": 0.23566033,
        "left_bauer_fit": 0.464841,
        "left_forefoot_height": 0.032428607,
        "left_heel_to_ball": 0.17697407,
        "left_heel_width": 0.060202286,
        "left_height_80": 0.032428607,
        "left_height_90": 0.024205925,
        "left_instep_girth": 0.23353611,
        "left_instep_height": 0.0635631,
        "left_lateral_half_width": 0.054646749,
        "left_lateral_half_width_44": 0.043624774,
        "left_lateral_half_width_50": 0.047093946,
        "left_lateral_half_width_58": 0.051078618,
        "left_lateral_half_width_66": 0.054640319,
        "left_lateral_half_width_74": 0.052343577,
        "left_lateral_half_width_82": 0.049371127,
        "left_lateral_half_width_90": 0.033023003,
        "left_length": 0.24187937,
        "left_medial_half_width": 0.038027134,
        "left_medial_half_width_44": 0.030223697,
        "left_medial_half_width_50": 0.031709861,
        "left_medial_half_width_58": 0.033180717,
        "left_medial_half_width_66": 0.036408603,
        "left_medial_half_width_74": 0.037988909,
        "left_medial_half_width_82": 0.035266813,
        "left_medial_half_width_90": 0.032380152,
        "left_plastic_height": 0.15284459,
        "left_short_heel_girth": 0.29936069,
        "left_waist_girth": 0.23223898,
        "left_waist_lateral_half_width": 0.041938134,
        "left_width": 0.092673883,
        "right_ankle_wrap": 0.20134732,
        "right_arch_height": 0.013762406,
        "right_back_arch_gap_90": 0.011218561,
        "right_ball_girth": 0.23994191,
        "right_bauer_fit": 0.48062593,
        "right_forefoot_height": 0.029683191,
        "right_heel_to_ball": 0.17838129,
        "right_heel_width": 0.058697976,
        "right_height_80": 0.029683191,
        "right_height_90": 0.022083633,
        "right_instep_girth": 0.23716398,
        "right_instep_height": 0.060067471,
        "right_lateral_half_width": 0.057173967,
        "right_lateral_half_width_44": 0.044422336,
        "right_lateral_half_width_50": 0.048618063,
        "right_lateral_half_width_58": 0.053438526,
        "right_lateral_half_width_66": 0.057056546,
        "right_lateral_half_width_74": 0.055107802,
        "right_lateral_half_width_82": 0.049379434,
        "right_lateral_half_width_90": 0.030131161,
        "right_length": 0.24227183,
        "right_medial_half_width": 0.039952692,
        "right_medial_half_width_44": 0.035712533,
        "right_medial_half_width_50": 0.036791578,
        "right_medial_half_width_58": 0.036356967,
        "right_medial_half_width_66": 0.038025312,
        "right_medial_half_width_74": 0.039915957,
        "right_medial_half_width_82": 0.035057582,
        "right_medial_half_width_90": 0.032184012,
        "right_plastic_height": 0.15240668,
        "right_short_heel_girth": 0.29758263,
        "right_waist_girth": 0.23576827,
        "right_waist_lateral_half_width": 0.041681331,
        "right_width": 0.097126663
    },
    "size_gender": null
}