{
    "measurements": {
        "left_ankle_wrap": 0.23889205,
        "left_arch_height": 0.011433827,
        "left_back_arch_gap_90": 0.013611762,
        "left_ball_girth": 0.26416862,
        "left_bauer_fit": 0.52588046,
        "left_forefoot_height": 0.035623372,
        "left_heel_to_ball": 0.22209302,
        "left_heel_width": 0.074087963,
        "left_height_80": 0.035623372,
        "left_height_90": 0.027335495,
        "left_instep_girth": 0.2588717,
        "left_instep_height": 0.06599915,
        "left_lateral_half_width": 0.061742358,
        "left_lateral_half_width_44": 0.052262049,
        "left_lateral_half_width_50": 0.05545605,
        "left_lateral_half_width_58": 0.060081333,
        "left_lateral_half_width_66": 0.061629016,
        "left_lateral_half_width_74": 0.06114471,
        "left_lateral_half_width_82": 0.051111378,
        "left_lateral_half_width_90": 0.031140395,
        "left_length": 0.28058544,
        "left_medial_half_width": 0.0444658,
        "left_medial_half_width_44": 0.039512482,
        "left_medial_half_width_50": 0.038420767,
        "left_medial_half_width_58": 0.038256418,
        "left_medial_half_width_66": 0.0410787,
        "left_medial_half_width_74": 0.04342325,
        "left_medial_half_width_82": 0.043869641,
        "left_medial_half_width_90": 0.042001843,
        "left_plastic_height": 0.15255599,
        "left_short_heel_girth": 0.35830429,
        "left_waist_girth": 0.26588622,
        "left_waist_lateral_half_width": 0.050390121,
        "left_width": 0.10620816,
        "right_ankle_wrap": 0.24425609,
        "right_arch_height": 0.011939035,
        "right_back_arch_gap_90": 0.017284,
        "right_ball_girth": 0.26519847,
        "right_bauer_fit": 0.53170145,
        "right_forefoot_height": 0.034245688,
        "right_heel_to_ball": 0.20672487,
        "right_heel_width": 0.072212234,
        "right_height_80": 0.034245688,
        "right_height_90": 0.024633111,
        "right_instep_girth": 0.26306844,
        "right_instep_height": 0.064073347,
        "right_lateral_half_width": 0.064304411,
        "right_lateral_half_width_44": 0.0511174,
        "right_lateral_half_width_50": 0.05534853,
        "right_lateral_half_width_58": 0.060906872,
        "right_lateral_half_width_66": 0.062881276,
        "right_lateral_half_width_74": 0.064268529,
        "right_lateral_half_width_82": 0.051794082,
        "right_lateral_half_width_90": 0.028697718,
        "right_length": 0.2806505,
        "right_medial_half_width": 0.043692846,
        "right_medial_half_width_44": 0.042026475,
        "right_medial_half_width_50": 0.041692335,
        "right_medial_half_width_58": 0.040653016,
        "right_medial_half_width_66": 0.04191665,
        "right_medial_half_width_74": 0.043648381,
        "right_medial_half_width_82": 0.041872296,
        "right_medial_half_width_90": 0.041215178,
        "right_plastic_height": 0.15204215,
        "right_short_heel_girth": 0.35767028,
        "right_waist_girth": 0.26643395,
        "right_waist_lateral_half_width": 0.048925776,
        "right_width": 0.10799725
    },
    "size_gender": "male"
}