{
    "measurements": {
        "left_ankle_wrap": 0.2195359,
        "left_arch_height": 0.020271014,
        "left_back_arch_gap_90": 0.0086472845,
        "left_ball_girth": 0.24161205,
        "left_bauer_fit": 0.46436062,
        "left_forefoot_height": 0.036291059,
        "left_heel_to_ball": 0.16919318,
        "left_heel_width": 0.062579587,
        "left_height_80": 0.036291059,
        "left_height_90": 0.027398864,
        "left_instep_girth": 0.23987748,
        "left_instep_height": 0.067326844,
        "left_lateral_half_width": 0.054097064,
        "left_lateral_half_width_44": 0.045546494,
        "left_lateral_half_width_50": 0.049634092,
        "left_lateral_half_width_58": 0.052705795,
        "left_lateral_half_width_66": 0.054018319,
        "left_lateral_half_width_74": 0.05310753,
        "left_lateral_half_width_82": 0.049354348,
        "left_lateral_half_width_90": 0.035315592,
        "left_length": 0.21920975,
        "left_medial_half_width": 0.03759665,
        "left_medial_half_width_44": 0.028035505,
        "left_medial_half_width_50": 0.028776867,
        "left_medial_half_width_58": 0.032094177,
        "left_medial_half_width_66": 0.036000594,
        "left_medial_half_width_74": 0.037169077,
        "left_medial_half_width_82": 0.037137646,
        "left_medial_half_width_90": 0.03711576,
        "left_plastic_height": 0.1517249,
        "left_short_heel_girth": 0.31459936,
        "left_waist_girth": 0.23554277,
        "left_waist_lateral_half_width": 0.044925041,
        "left_width": 0.091693714,
        "right_ankle_wrap": 0.22357875,
        "right_arch_height": 0.018400937,
        "right_back_arch_gap_90": 0.0060886242,
        "right_ball_girth": 0.23648085,
        "right_bauer_fit": 0.45703605,
        "right_forefoot_height": 0.035730768,
        "right_heel_to_ball": 0.17876993,
        "right_heel_width": 0.064546943,
        "right_height_80": 0.035730768,
        "right_height_90": 0.029743914,
        "right_instep_girth": 0.23986363,
        "right_instep_height": 0.0643967,
        "right_lateral_half_width": 0.053822547,
        "right_lateral_half_width_44": 0.044433761,
        "right_lateral_half_width_50": 0.04807594,
        "right_lateral_half_width_58": 0.051964261,
        "right_lateral_half_width_66": 0.053814627,
        "right_lateral_half_width_74": 0.051994994,
        "right_lateral_half_width_82": 0.04761672,
        "right_lateral_half_width_90": 0.033522524,
        "right_length": 0.22486809,
        "right_medial_half_width": 0.036856286,
        "right_medial_half_width_44": 0.033965074,
        "right_medial_half_width_50": 0.033568852,
        "right_medial_half_width_58": 0.034672529,
        "right_medial_half_width_66": 0.035876025,
        "right_medial_half_width_74": 0.036602132,
        "right_medial_half_width_82": 0.037160475,
        "right_medial_half_width_90": 0.03391353,
        "right_plastic_height": 0.15099864,
        "right_short_heel_girth": 0.31695446,
        "right_waist_girth": 0.23859142,
        "right_waist_lateral_half_width": 0.042571582,
        "right_width": 0.090678833
    },
    "size_gender": null
}