{
    "measurements": {
        "left_ankle_wrap": 0.218135,
        "left_arch_height": 0.014862448,
        "left_back_arch_gap_90": 0.010953135,
        "left_ball_girth": 0.252351,
        "left_bauer_fit": 0.50674713,
        "left_forefoot_height": 0.034830466,
        "left_heel_to_ball": 0.19418888,
        "left_heel_width": 0.06545946,
        "left_height_80": 0.034830466,
        "left_height_90": 0.026870618,
        "left_instep_girth": 0.2533924,
        "left_instep_height": 0.063554674,
        "left_lateral_half_width": 0.06036289,
        "left_lateral_half_width_44": 0.048814785,
        "left_lateral_half_width_50": 0.053641472,
        "left_lateral_half_width_58": 0.058549505,
        "left_lateral_half_width_66": 0.059481617,
        "left_lateral_half_width_74": 0.057679277,
        "left_lateral_half_width_82": 0.049503688,
        "left_lateral_half_width_90": 0.038312875,
        "left_length": 0.26689678,
        "left_medial_half_width": 0.041991033,
        "left_medial_half_width_44": 0.037601646,
        "left_medial_half_width_50": 0.036945734,
        "left_medial_half_width_58": 0.037393723,
        "left_medial_half_width_66": 0.039645035,
        "left_medial_half_width_74": 0.04183263,
        "left_medial_half_width_82": 0.039081354,
        "left_medial_half_width_90": 0.037047151,
        "left_plastic_height": 0.15210947,
        "left_short_heel_girth": 0.32740027,
        "left_waist_girth": 0.25156665,
        "left_waist_lateral_half_width": 0.046250265,
        "left_width": 0.10235392,
        "right_ankle_wrap": 0.22244923,
        "right_arch_height": 0.014512946,
        "right_back_arch_gap_90": 0.010509109,
        "right_ball_girth": 0.24851511,
        "right_bauer_fit": 0.49814394,
        "right_forefoot_height": 0.031998158,
        "right_heel_to_ball": 0.194742,
        "right_heel_width": 0.065946274,
        "right_height_80": 0.031998158,
        "right_height_90": 0.024801411,
        "right_instep_girth": 0.25428909,
        "right_instep_height": 0.060606603,
        "right_lateral_half_width": 0.059912361,
        "right_lateral_half_width_44": 0.048878461,
        "right_lateral_half_width_50": 0.054676473,
        "right_lateral_half_width_58": 0.059462339,
        "right_lateral_half_width_66": 0.059293706,
        "right_lateral_half_width_74": 0.057809737,
        "right_lateral_half_width_82": 0.050321508,
        "right_lateral_half_width_90": 0.037800621,
        "right_length": 0.26476845,
        "right_medial_half_width": 0.041135531,
        "right_medial_half_width_44": 0.039651956,
        "right_medial_half_width_50": 0.037497129,
        "right_medial_half_width_58": 0.037536971,
        "right_medial_half_width_66": 0.0395269,
        "right_medial_half_width_74": 0.041095339,
        "right_medial_half_width_82": 0.036316019,
        "right_medial_half_width_90": 0.033827,
        "right_plastic_height": 0.15267158,
        "right_short_heel_girth": 0.33255342,
        "right_waist_girth": 0.25143209,
        "right_waist_lateral_half_width": 0.046473362,
        "right_width": 0.10104789
    },
    "size_gender": "male"
}