{
    "measurements": {
        "left_ankle_wrap": 0.26741493,
        "left_arch_height": 0.0052839578,
        "left_back_arch_gap_90": 0.0074624661,
        "left_ball_girth": 0.25523517,
        "left_bauer_fit": 0.49850509,
        "left_forefoot_height": 0.033354592,
        "left_heel_to_ball": 0.18188639,
        "left_heel_width": 0.069256462,
        "left_height_80": 0.033354592,
        "left_height_90": 0.025754804,
        "left_instep_girth": 0.25919598,
        "left_instep_height": 0.055663362,
        "left_lateral_half_width": 0.061709173,
        "left_lateral_half_width_44": 0.058550131,
        "left_lateral_half_width_50": 0.060081173,
        "left_lateral_half_width_58": 0.061224822,
        "left_lateral_half_width_66": 0.060713287,
        "left_lateral_half_width_74": 0.056112412,
        "left_lateral_half_width_82": 0.043823734,
        "left_lateral_half_width_90": 0.026431719,
        "left_length": 0.26065835,
        "left_medial_half_width": 0.040563747,
        "left_medial_half_width_44": 0.041975923,
        "left_medial_half_width_50": 0.041562468,
        "left_medial_half_width_58": 0.041270118,
        "left_medial_half_width_66": 0.040459927,
        "left_medial_half_width_74": 0.039635494,
        "left_medial_half_width_82": 0.038110603,
        "left_medial_half_width_90": 0.035367217,
        "left_plastic_height": 0.15175579,
        "left_short_heel_girth": 0.32982454,
        "left_waist_girth": 0.27150232,
        "left_waist_lateral_half_width": 0.056490563,
        "left_width": 0.10227292,
        "right_ankle_wrap": 0.26353836,
        "right_arch_height": 0.004556613,
        "right_back_arch_gap_90": 0.0094647976,
        "right_ball_girth": 0.25409973,
        "right_bauer_fit": 0.50812536,
        "right_forefoot_height": 0.032047678,
        "right_heel_to_ball": 0.17164226,
        "right_heel_width": 0.067947015,
        "right_height_80": 0.032047678,
        "right_height_90": 0.024272775,
        "right_instep_girth": 0.26638865,
        "right_instep_height": 0.055642862,
        "right_lateral_half_width": 0.063075632,
        "right_lateral_half_width_44": 0.057889558,
        "right_lateral_half_width_50": 0.060863469,
        "right_lateral_half_width_58": 0.063007466,
        "right_lateral_half_width_66": 0.062043723,
        "right_lateral_half_width_74": 0.060373496,
        "right_lateral_half_width_82": 0.048243307,
        "right_lateral_half_width_90": 0.031584129,
        "right_length": 0.26128086,
        "right_medial_half_width": 0.041423798,
        "right_medial_half_width_44": 0.042968772,
        "right_medial_half_width_50": 0.043118387,
        "right_medial_half_width_58": 0.042528518,
        "right_medial_half_width_66": 0.041349214,
        "right_medial_half_width_74": 0.038267691,
        "right_medial_half_width_82": 0.035654914,
        "right_medial_half_width_90": 0.031643998,
        "right_plastic_height": 0.15300623,
        "right_short_heel_girth": 0.33619922,
        "right_waist_girth": 0.27543023,
        "right_waist_lateral_half_width": 0.055569723,
        "right_width": 0.10449943
    },
    "size_gender": "female"
}