{
    "measurements": {
        "left_ankle_wrap": 0.22693795,
        "left_arch_height": 0.013581593,
        "left_back_arch_gap_90": 0.011044118,
        "left_ball_girth": 0.2216448,
        "left_bauer_fit": 0.43570191,
        "left_forefoot_height": 0.030267067,
        "left_heel_to_ball": 0.16771096,
        "left_heel_width": 0.061843757,
        "left_height_80": 0.030267067,
        "left_height_90": 0.021888524,
        "left_instep_girth": 0.22160454,
        "left_instep_height": 0.05799045,
        "left_lateral_half_width": 0.052033871,
        "left_lateral_half_width_44": 0.041170824,
        "left_lateral_half_width_50": 0.045367982,
        "left_lateral_half_width_58": 0.050615184,
        "left_lateral_half_width_66": 0.051081195,
        "left_lateral_half_width_74": 0.051370803,
        "left_lateral_half_width_82": 0.040504415,
        "left_lateral_half_width_90": 0.025340714,
        "left_length": 0.23563285,
        "left_medial_half_width": 0.035197414,
        "left_medial_half_width_44": 0.032727636,
        "left_medial_half_width_50": 0.031530164,
        "left_medial_half_width_58": 0.03214018,
        "left_medial_half_width_66": 0.034043442,
        "left_medial_half_width_74": 0.0347966,
        "left_medial_half_width_82": 0.03316047,
        "left_medial_half_width_90": 0.031255808,
        "left_plastic_height": 0.15305218,
        "left_short_heel_girth": 0.30591491,
        "left_waist_girth": 0.22009768,
        "left_waist_lateral_half_width": 0.039199982,
        "left_width": 0.087231286,
        "right_ankle_wrap": 0.22601061,
        "right_arch_height": 0.013609868,
        "right_back_arch_gap_90": 0.010691902,
        "right_ball_girth": 0.22601908,
        "right_bauer_fit": 0.44523749,
        "right_forefoot_height": 0.029892443,
        "right_heel_to_ball": 0.17249615,
        "right_heel_width": 0.062145516,
        "right_height_80": 0.029892443,
        "right_height_90": 0.020556225,
        "right_instep_girth": 0.22387469,
        "right_instep_height": 0.057546895,
        "right_lateral_half_width": 0.0529236,
        "right_lateral_half_width_44": 0.044915605,
        "right_lateral_half_width_50": 0.047880735,
        "right_lateral_half_width_58": 0.051497087,
        "right_lateral_half_width_66": 0.052726511,
        "right_lateral_half_width_74": 0.051786974,
        "right_lateral_half_width_82": 0.043052688,
        "right_lateral_half_width_90": 0.028885704,
        "right_length": 0.23374467,
        "right_medial_half_width": 0.036612336,
        "right_medial_half_width_44": 0.031501923,
        "right_medial_half_width_50": 0.030865429,
        "right_medial_half_width_58": 0.032194603,
        "right_medial_half_width_66": 0.035145428,
        "right_medial_half_width_74": 0.036593053,
        "right_medial_half_width_82": 0.032936987,
        "right_medial_half_width_90": 0.027088314,
        "right_plastic_height": 0.15368472,
        "right_short_heel_girth": 0.3089771,
        "right_waist_girth": 0.2266888,
        "right_waist_lateral_half_width": 0.04295934,
        "right_width": 0.089535937
    },
    "size_gender": "female"
}