{
    "measurements": {
        "left_ankle_wrap": 0.22784658,
        "left_arch_height": 0.016129255,
        "left_back_arch_gap_90": 0.0095504848,
        "left_ball_girth": 0.25390542,
        "left_bauer_fit": 0.50840849,
        "left_forefoot_height": 0.035877813,
        "left_heel_to_ball": 0.19152145,
        "left_heel_width": 0.065610833,
        "left_height_80": 0.035877813,
        "left_height_90": 0.027070854,
        "left_instep_girth": 0.25551608,
        "left_instep_height": 0.066532284,
        "left_lateral_half_width": 0.059519574,
        "left_lateral_half_width_44": 0.049575079,
        "left_lateral_half_width_50": 0.054138139,
        "left_lateral_half_width_58": 0.058825567,
        "left_lateral_half_width_66": 0.059110969,
        "left_lateral_half_width_74": 0.057437345,
        "left_lateral_half_width_82": 0.048220325,
        "left_lateral_half_width_90": 0.036655597,
        "left_length": 0.2635887,
        "left_medial_half_width": 0.042530365,
        "left_medial_half_width_44": 0.036488231,
        "left_medial_half_width_50": 0.035940178,
        "left_medial_half_width_58": 0.036513552,
        "left_medial_half_width_66": 0.039397925,
        "left_medial_half_width_74": 0.042204585,
        "left_medial_half_width_82": 0.036682006,
        "left_medial_half_width_90": 0.034258947,
        "left_plastic_height": 0.15291421,
        "left_short_heel_girth": 0.33728415,
        "left_waist_girth": 0.25480625,
        "left_waist_lateral_half_width": 0.047099661,
        "left_width": 0.10204994,
        "right_ankle_wrap": 0.22503938,
        "right_arch_height": 0.014761105,
        "right_back_arch_gap_90": 0.010494892,
        "right_ball_girth": 0.25622568,
        "right_bauer_fit": 0.51469535,
        "right_forefoot_height": 0.033171557,
        "right_heel_to_ball": 0.19101043,
        "right_heel_width": 0.066540875,
        "right_height_80": 0.033171557,
        "right_height_90": 0.025311684,
        "right_instep_girth": 0.25482053,
        "right_instep_height": 0.065021574,
        "right_lateral_half_width": 0.060461275,
        "right_lateral_half_width_44": 0.050654657,
        "right_lateral_half_width_50": 0.055415966,
        "right_lateral_half_width_58": 0.059207324,
        "right_lateral_half_width_66": 0.05927192,
        "right_lateral_half_width_74": 0.057038546,
        "right_lateral_half_width_82": 0.046649631,
        "right_lateral_half_width_90": 0.033096094,
        "right_length": 0.26035634,
        "right_medial_half_width": 0.043389473,
        "right_medial_half_width_44": 0.034523077,
        "right_medial_half_width_50": 0.034339242,
        "right_medial_half_width_58": 0.036248323,
        "right_medial_half_width_66": 0.039513372,
        "right_medial_half_width_74": 0.043283358,
        "right_medial_half_width_82": 0.039601881,
        "right_medial_half_width_90": 0.038169131,
        "right_plastic_height": 0.15323493,
        "right_short_heel_girth": 0.3373321,
        "right_waist_girth": 0.25273159,
        "right_waist_lateral_half_width": 0.048047889,
        "right_width": 0.10385075
    },
    "size_gender": "male"
}