{
    "measurements": {
        "left_ankle_wrap": 0.26927611,
        "left_arch_height": 0.0051154336,
        "left_back_arch_gap_90": 0.0054407744,
        "left_ball_girth": 0.25993264,
        "left_bauer_fit": 0.51005638,
        "left_forefoot_height": 0.033351332,
        "left_heel_to_ball": 0.18837447,
        "left_heel_width": 0.06721925,
        "left_height_80": 0.033351332,
        "left_height_90": 0.024706652,
        "left_instep_girth": 0.26301166,
        "left_instep_height": 0.055412851,
        "left_lateral_half_width": 0.063633837,
        "left_lateral_half_width_44": 0.059548706,
        "left_lateral_half_width_50": 0.062124867,
        "left_lateral_half_width_58": 0.063546076,
        "left_lateral_half_width_66": 0.061221212,
        "left_lateral_half_width_74": 0.057762664,
        "left_lateral_half_width_82": 0.044941466,
        "left_lateral_half_width_90": 0.026644988,
        "left_length": 0.26061916,
        "left_medial_half_width": 0.04136467,
        "left_medial_half_width_44": 0.041741285,
        "left_medial_half_width_50": 0.041766185,
        "left_medial_half_width_58": 0.040740535,
        "left_medial_half_width_66": 0.040793866,
        "left_medial_half_width_74": 0.041043233,
        "left_medial_half_width_82": 0.03884919,
        "left_medial_half_width_90": 0.037105534,
        "left_plastic_height": 0.15285799,
        "left_short_heel_girth": 0.326459,
        "left_waist_girth": 0.27290779,
        "left_waist_lateral_half_width": 0.05713905,
        "left_width": 0.10499851,
        "right_ankle_wrap": 0.26366118,
        "right_arch_height": 0.0036919883,
        "right_back_arch_gap_90": 0.0085738832,
        "right_ball_girth": 0.25377271,
        "right_bauer_fit": 0.50907838,
        "right_forefoot_height": 0.031591341,
        "right_heel_to_ball": 0.17205046,
        "right_heel_width": 0.06810984,
        "right_height_80": 0.031591341,
        "right_height_90": 0.02407077,
        "right_instep_girth": 0.26562169,
        "right_instep_height": 0.055106863,
        "right_lateral_half_width": 0.063358277,
        "right_lateral_half_width_44": 0.057979267,
        "right_lateral_half_width_50": 0.061104827,
        "right_lateral_half_width_58": 0.063271224,
        "right_lateral_half_width_66": 0.062164057,
        "right_lateral_half_width_74": 0.060179666,
        "right_lateral_half_width_82": 0.046414871,
        "right_lateral_half_width_90": 0.028394904,
        "right_length": 0.26152527,
        "right_medial_half_width": 0.041485026,
        "right_medial_half_width_44": 0.043238193,
        "right_medial_half_width_50": 0.042884637,
        "right_medial_half_width_58": 0.042029988,
        "right_medial_half_width_66": 0.041424926,
        "right_medial_half_width_74": 0.038401876,
        "right_medial_half_width_82": 0.035157137,
        "right_medial_half_width_90": 0.032384172,
        "right_plastic_height": 0.15123074,
        "right_short_heel_girth": 0.3325496,
        "right_waist_girth": 0.27591962,
        "right_waist_lateral_half_width": 0.055539824,
        "right_width": 0.1048433
    },
    "size_gender": "female"
}