{
    "measurements": {
        "left_ankle_wrap": 0.24312395,
        "left_arch_height": 0.018872155,
        "left_back_arch_gap_90": 0.0050044428,
        "left_ball_girth": 0.24693383,
        "left_bauer_fit": 0.50124478,
        "left_forefoot_height": 0.036214262,
        "left_heel_to_ball": 0.21957527,
        "left_heel_width": 0.0634828,
        "left_height_80": 0.036214262,
        "left_height_90": 0.029552812,
        "left_instep_girth": 0.25524837,
        "left_instep_height": 0.069377,
        "left_lateral_half_width": 0.057100888,
        "left_lateral_half_width_44": 0.049428448,
        "left_lateral_half_width_50": 0.052611753,
        "left_lateral_half_width_58": 0.056944113,
        "left_lateral_half_width_66": 0.055892061,
        "left_lateral_half_width_74": 0.052668989,
        "left_lateral_half_width_82": 0.041246463,
        "left_lateral_half_width_90": 0.026644431,
        "left_length": 0.27618244,
        "left_medial_half_width": 0.042637635,
        "left_medial_half_width_44": 0.033771217,
        "left_medial_half_width_50": 0.03448556,
        "left_medial_half_width_58": 0.035318285,
        "left_medial_half_width_66": 0.037243079,
        "left_medial_half_width_74": 0.039632186,
        "left_medial_half_width_82": 0.044508826,
        "left_medial_half_width_90": 0.04817849,
        "left_plastic_height": 0.15225765,
        "left_short_heel_girth": 0.33648384,
        "left_waist_girth": 0.25310645,
        "left_waist_lateral_half_width": 0.047392827,
        "left_width": 0.099738523,
        "right_ankle_wrap": 0.23404598,
        "right_arch_height": 0.015803315,
        "right_back_arch_gap_90": 0.0086484244,
        "right_ball_girth": 0.24826184,
        "right_bauer_fit": 0.506359,
        "right_forefoot_height": 0.03443576,
        "right_heel_to_ball": 0.22024347,
        "right_heel_width": 0.068083644,
        "right_height_80": 0.03443576,
        "right_height_90": 0.027752759,
        "right_instep_girth": 0.26134264,
        "right_instep_height": 0.066669114,
        "right_lateral_half_width": 0.05854759,
        "right_lateral_half_width_44": 0.048406743,
        "right_lateral_half_width_50": 0.052521389,
        "right_lateral_half_width_58": 0.057973091,
        "right_lateral_half_width_66": 0.056961123,
        "right_lateral_half_width_74": 0.053234961,
        "right_lateral_half_width_82": 0.041391004,
        "right_lateral_half_width_90": 0.030860223,
        "right_length": 0.27788752,
        "right_medial_half_width": 0.042997412,
        "right_medial_half_width_44": 0.0385316,
        "right_medial_half_width_50": 0.038627788,
        "right_medial_half_width_58": 0.037720058,
        "right_medial_half_width_66": 0.037961137,
        "right_medial_half_width_74": 0.040167712,
        "right_medial_half_width_82": 0.044276219,
        "right_medial_half_width_90": 0.043083388,
        "right_plastic_height": 0.15349765,
        "right_short_heel_girth": 0.33940458,
        "right_waist_girth": 0.26040351,
        "right_waist_lateral_half_width": 0.046530135,
        "right_width": 0.10154501
    },
    "size_gender": "male"
}