{
    "measurements": {
        "left_ankle_wrap": 0.26179975,
        "left_arch_height": 0.015951436,
        "left_back_arch_gap_90": 0.0072271368,
        "left_ball_girth": 0.2212268,
        "left_bauer_fit": 0.432443,
        "left_forefoot_height": 0.030239211,
        "left_heel_to_ball": 0.17210619,
        "left_heel_width": 0.055130087,
        "left_height_80": 0.030239211,
        "left_height_90": 0.022167066,
        "left_instep_girth": 0.22269371,
        "left_instep_height": 0.060510598,
        "left_lateral_half_width": 0.05059313,
        "left_lateral_half_width_44": 0.043207746,
        "left_lateral_half_width_50": 0.046555132,
        "left_lateral_half_width_58": 0.049850766,
        "left_lateral_half_width_66": 0.050010644,
        "left_lateral_half_width_74": 0.047856323,
        "left_lateral_half_width_82": 0.044092689,
        "left_lateral_half_width_90": 0.030242465,
        "left_length": 0.23317032,
        "left_medial_half_width": 0.0353035,
        "left_medial_half_width_44": 0.028739255,
        "left_medial_half_width_50": 0.028473174,
        "left_medial_half_width_58": 0.03060784,
        "left_medial_half_width_66": 0.033323709,
        "left_medial_half_width_74": 0.035295147,
        "left_medial_half_width_82": 0.033905309,
        "left_medial_half_width_90": 0.03114808,
        "left_plastic_height": 0.15174173,
        "left_short_heel_girth": 0.28933266,
        "left_waist_girth": 0.22220005,
        "left_waist_lateral_half_width": 0.041294429,
        "left_width": 0.085896626,
        "right_ankle_wrap": 0.26612803,
        "right_arch_height": 0.011809997,
        "right_back_arch_gap_90": 0.01420879,
        "right_ball_girth": 0.21994178,
        "right_bauer_fit": 0.43546632,
        "right_forefoot_height": 0.02627469,
        "right_heel_to_ball": 0.17444417,
        "right_heel_width": 0.057953369,
        "right_height_80": 0.02627469,
        "right_height_90": 0.020042134,
        "right_instep_girth": 0.22307076,
        "right_instep_height": 0.055099152,
        "right_lateral_half_width": 0.052134417,
        "right_lateral_half_width_44": 0.044404481,
        "right_lateral_half_width_50": 0.04713206,
        "right_lateral_half_width_58": 0.050298259,
        "right_lateral_half_width_66": 0.051570315,
        "right_lateral_half_width_74": 0.049589049,
        "right_lateral_half_width_82": 0.042888537,
        "right_lateral_half_width_90": 0.029815938,
        "right_length": 0.23183195,
        "right_medial_half_width": 0.035710189,
        "right_medial_half_width_44": 0.033033162,
        "right_medial_half_width_50": 0.033346426,
        "right_medial_half_width_58": 0.033519551,
        "right_medial_half_width_66": 0.034361985,
        "right_medial_half_width_74": 0.035658155,
        "right_medial_half_width_82": 0.034089,
        "right_medial_half_width_90": 0.03149198,
        "right_plastic_height": 0.15211917,
        "right_short_heel_girth": 0.28842044,
        "right_waist_girth": 0.22520456,
        "right_waist_lateral_half_width": 0.0423405,
        "right_width": 0.08784461
    },
    "size_gender": "female"
}