{
    "measurements": {
        "left_ankle_wrap": 0.22233954,
        "left_arch_height": 0.01324256,
        "left_back_arch_gap_90": 0.0088729169,
        "left_ball_girth": 0.254433,
        "left_bauer_fit": 0.50596547,
        "left_forefoot_height": 0.035030857,
        "left_heel_to_ball": 0.19354557,
        "left_heel_width": 0.066330284,
        "left_height_80": 0.035030857,
        "left_height_90": 0.026598059,
        "left_instep_girth": 0.25690556,
        "left_instep_height": 0.063693464,
        "left_lateral_half_width": 0.060547519,
        "left_lateral_half_width_44": 0.049110848,
        "left_lateral_half_width_50": 0.054159988,
        "left_lateral_half_width_58": 0.058840681,
        "left_lateral_half_width_66": 0.059939094,
        "left_lateral_half_width_74": 0.058266114,
        "left_lateral_half_width_82": 0.049218174,
        "left_lateral_half_width_90": 0.0375362,
        "left_length": 0.26673245,
        "left_medial_half_width": 0.041593824,
        "left_medial_half_width_44": 0.038575795,
        "left_medial_half_width_50": 0.037556242,
        "left_medial_half_width_58": 0.038059711,
        "left_medial_half_width_66": 0.0399611,
        "left_medial_half_width_74": 0.0414088,
        "left_medial_half_width_82": 0.034803074,
        "left_medial_half_width_90": 0.032259557,
        "left_plastic_height": 0.15249157,
        "left_short_heel_girth": 0.33423874,
        "left_waist_girth": 0.25639161,
        "left_waist_lateral_half_width": 0.0466623,
        "left_width": 0.10214134,
        "right_ankle_wrap": 0.22158736,
        "right_arch_height": 0.014622862,
        "right_back_arch_gap_90": 0.010552924,
        "right_ball_girth": 0.25759012,
        "right_bauer_fit": 0.51722425,
        "right_forefoot_height": 0.033029478,
        "right_heel_to_ball": 0.19354053,
        "right_heel_width": 0.067965746,
        "right_height_80": 0.033029478,
        "right_height_90": 0.025087537,
        "right_instep_girth": 0.25911143,
        "right_instep_height": 0.063903935,
        "right_lateral_half_width": 0.060766019,
        "right_lateral_half_width_44": 0.050720878,
        "right_lateral_half_width_50": 0.055996023,
        "right_lateral_half_width_58": 0.060505237,
        "right_lateral_half_width_66": 0.059745524,
        "right_lateral_half_width_74": 0.05764864,
        "right_lateral_half_width_82": 0.048452042,
        "right_lateral_half_width_90": 0.033943109,
        "right_length": 0.26314795,
        "right_medial_half_width": 0.043926902,
        "right_medial_half_width_44": 0.037532106,
        "right_medial_half_width_50": 0.037060361,
        "right_medial_half_width_58": 0.037401181,
        "right_medial_half_width_66": 0.039826434,
        "right_medial_half_width_74": 0.043860316,
        "right_medial_half_width_82": 0.038866635,
        "right_medial_half_width_90": 0.037243694,
        "right_plastic_height": 0.15155727,
        "right_short_heel_girth": 0.33810186,
        "right_waist_girth": 0.2555528,
        "right_waist_lateral_half_width": 0.047858551,
        "right_width": 0.10469292
    },
    "size_gender": "male"
}