{
    "measurements": {
        "left_ankle_wrap": 0.2262044,
        "left_arch_height": 0.017237011,
        "left_back_arch_gap_90": 0.0093665319,
        "left_ball_girth": 0.24540144,
        "left_bauer_fit": 0.48844653,
        "left_forefoot_height": 0.035532247,
        "left_heel_to_ball": 0.21943338,
        "left_heel_width": 0.069131956,
        "left_height_80": 0.035532247,
        "left_height_90": 0.029234838,
        "left_instep_girth": 0.25785226,
        "left_instep_height": 0.068489552,
        "left_lateral_half_width": 0.05669653,
        "left_lateral_half_width_44": 0.047749594,
        "left_lateral_half_width_50": 0.051454108,
        "left_lateral_half_width_58": 0.056401011,
        "left_lateral_half_width_66": 0.055291045,
        "left_lateral_half_width_74": 0.052834872,
        "left_lateral_half_width_82": 0.040971145,
        "left_lateral_half_width_90": 0.026544778,
        "left_length": 0.27657154,
        "left_medial_half_width": 0.04029122,
        "left_medial_half_width_44": 0.035870884,
        "left_medial_half_width_50": 0.036473919,
        "left_medial_half_width_58": 0.036233291,
        "left_medial_half_width_66": 0.036845896,
        "left_medial_half_width_74": 0.039933208,
        "left_medial_half_width_82": 0.042142227,
        "left_medial_half_width_90": 0.045278404,
        "left_plastic_height": 0.15266399,
        "left_short_heel_girth": 0.33975384,
        "left_waist_girth": 0.25494504,
        "left_waist_lateral_half_width": 0.046152007,
        "left_width": 0.096987754,
        "right_ankle_wrap": 0.22008909,
        "right_arch_height": 0.018931931,
        "right_back_arch_gap_90": 0.0085798809,
        "right_ball_girth": 0.2482094,
        "right_bauer_fit": 0.49822098,
        "right_forefoot_height": 0.035947185,
        "right_heel_to_ball": 0.21884876,
        "right_heel_width": 0.066225365,
        "right_height_80": 0.035947185,
        "right_height_90": 0.027996631,
        "right_instep_girth": 0.25796807,
        "right_instep_height": 0.068564169,
        "right_lateral_half_width": 0.057887338,
        "right_lateral_half_width_44": 0.04828212,
        "right_lateral_half_width_50": 0.052599907,
        "right_lateral_half_width_58": 0.057758454,
        "right_lateral_half_width_66": 0.056395303,
        "right_lateral_half_width_74": 0.052466884,
        "right_lateral_half_width_82": 0.041558459,
        "right_lateral_half_width_90": 0.029776348,
        "right_length": 0.27618694,
        "right_medial_half_width": 0.041340567,
        "right_medial_half_width_44": 0.037333414,
        "right_medial_half_width_50": 0.037558235,
        "right_medial_half_width_58": 0.036417689,
        "right_medial_half_width_66": 0.037578341,
        "right_medial_half_width_74": 0.039651141,
        "right_medial_half_width_82": 0.041759957,
        "right_medial_half_width_90": 0.043999545,
        "right_plastic_height": 0.15310535,
        "right_short_heel_girth": 0.33799851,
        "right_waist_girth": 0.25700298,
        "right_waist_lateral_half_width": 0.046611618,
        "right_width": 0.099227905
    },
    "size_gender": "male"
}