{
    "measurements": {
        "left_ankle_wrap": 0.26121432,
        "left_arch_height": 0.014748515,
        "left_back_arch_gap_90": 0.0088763507,
        "left_ball_girth": 0.22094689,
        "left_bauer_fit": 0.43152747,
        "left_forefoot_height": 0.029808991,
        "left_heel_to_ball": 0.16670233,
        "left_heel_width": 0.055366814,
        "left_height_80": 0.029808991,
        "left_height_90": 0.022055004,
        "left_instep_girth": 0.22391951,
        "left_instep_height": 0.059489127,
        "left_lateral_half_width": 0.0513566,
        "left_lateral_half_width_44": 0.043458845,
        "left_lateral_half_width_50": 0.046616275,
        "left_lateral_half_width_58": 0.050501924,
        "left_lateral_half_width_66": 0.050535571,
        "left_lateral_half_width_74": 0.048761979,
        "left_lateral_half_width_82": 0.044476327,
        "left_lateral_half_width_90": 0.030050579,
        "left_length": 0.23430482,
        "left_medial_half_width": 0.034564495,
        "left_medial_half_width_44": 0.030664517,
        "left_medial_half_width_50": 0.030580517,
        "left_medial_half_width_58": 0.03215139,
        "left_medial_half_width_66": 0.033663265,
        "left_medial_half_width_74": 0.034329563,
        "left_medial_half_width_82": 0.032867823,
        "left_medial_half_width_90": 0.029506069,
        "left_plastic_height": 0.1529035,
        "left_short_heel_girth": 0.29212329,
        "left_waist_girth": 0.22538333,
        "left_waist_lateral_half_width": 0.04174564,
        "left_width": 0.085921094,
        "right_ankle_wrap": 0.25927752,
        "right_arch_height": 0.012091233,
        "right_back_arch_gap_90": 0.014190974,
        "right_ball_girth": 0.22131918,
        "right_bauer_fit": 0.43953004,
        "right_forefoot_height": 0.026377058,
        "right_heel_to_ball": 0.17219342,
        "right_heel_width": 0.058070954,
        "right_height_80": 0.026377058,
        "right_height_90": 0.020176787,
        "right_instep_girth": 0.22254644,
        "right_instep_height": 0.054822225,
        "right_lateral_half_width": 0.052544273,
        "right_lateral_half_width_44": 0.044654444,
        "right_lateral_half_width_50": 0.047419932,
        "right_lateral_half_width_58": 0.050326522,
        "right_lateral_half_width_66": 0.051857166,
        "right_lateral_half_width_74": 0.049945734,
        "right_lateral_half_width_82": 0.042562511,
        "right_lateral_half_width_90": 0.029781682,
        "right_length": 0.23140836,
        "right_medial_half_width": 0.0363028,
        "right_medial_half_width_44": 0.032742225,
        "right_medial_half_width_50": 0.03324547,
        "right_medial_half_width_58": 0.033343498,
        "right_medial_half_width_66": 0.034547396,
        "right_medial_half_width_74": 0.036301527,
        "right_medial_half_width_82": 0.034264296,
        "right_medial_half_width_90": 0.031796187,
        "right_plastic_height": 0.15196036,
        "right_short_heel_girth": 0.28734183,
        "right_waist_girth": 0.2246998,
        "right_waist_lateral_half_width": 0.04240239,
        "right_width": 0.088847071
    },
    "size_gender": "male"
}