{
    "measurements": {
        "left_ankle_wrap": 0.16125453,
        "left_arch_height": 0.0097955465,
        "left_back_arch_gap_90": 0.0015015971,
        "left_ball_girth": 0.17490306,
        "left_bauer_fit": 0.33650807,
        "left_forefoot_height": 0.022757126,
        "left_heel_to_ball": 0.13733089,
        "left_heel_width": 0.044812508,
        "left_height_80": 0.022757126,
        "left_height_90": 0.017455826,
        "left_instep_girth": 0.17638811,
        "left_instep_height": 0.045143064,
        "left_lateral_half_width": 0.0403465,
        "left_lateral_half_width_44": 0.031398706,
        "left_lateral_half_width_50": 0.035327252,
        "left_lateral_half_width_58": 0.038429581,
        "left_lateral_half_width_66": 0.039068975,
        "left_lateral_half_width_74": 0.039982487,
        "left_lateral_half_width_82": 0.037022881,
        "left_lateral_half_width_90": 0.02626548,
        "left_length": 0.18159822,
        "left_medial_half_width": 0.026943339,
        "left_medial_half_width_44": 0.026450697,
        "left_medial_half_width_50": 0.026423754,
        "left_medial_half_width_58": 0.026110319,
        "left_medial_half_width_66": 0.026085315,
        "left_medial_half_width_74": 0.02688382,
        "left_medial_half_width_82": 0.026788304,
        "left_medial_half_width_90": 0.025785655,
        "left_plastic_height": 0.1510511,
        "left_short_heel_girth": 0.22963314,
        "left_waist_girth": 0.17467378,
        "left_waist_lateral_half_width": 0.029563801,
        "left_width": 0.067289837,
        "right_ankle_wrap": 0.15797286,
        "right_arch_height": 0.011910542,
        "right_back_arch_gap_90": 0.0054849829,
        "right_ball_girth": 0.17711115,
        "right_bauer_fit": 0.34886691,
        "right_forefoot_height": 0.021082435,
        "right_heel_to_ball": 0.13468567,
        "right_heel_width": 0.046775732,
        "right_height_80": 0.021082435,
        "right_height_90": 0.015934499,
        "right_instep_girth": 0.17848431,
        "right_instep_height": 0.045263574,
        "right_lateral_half_width": 0.041539308,
        "right_lateral_half_width_44": 0.031114036,
        "right_lateral_half_width_50": 0.034648396,
        "right_lateral_half_width_58": 0.039197821,
        "right_lateral_half_width_66": 0.040275279,
        "right_lateral_half_width_74": 0.041124776,
        "right_lateral_half_width_82": 0.038235184,
        "right_lateral_half_width_90": 0.024342354,
        "right_length": 0.178411,
        "right_medial_half_width": 0.028576937,
        "right_medial_half_width_44": 0.026655253,
        "right_medial_half_width_50": 0.026149444,
        "right_medial_half_width_58": 0.027470002,
        "right_medial_half_width_66": 0.026893212,
        "right_medial_half_width_74": 0.028516453,
        "right_medial_half_width_82": 0.0282096,
        "right_medial_half_width_90": 0.029135294,
        "right_plastic_height": 0.15192543,
        "right_short_heel_girth": 0.23160237,
        "right_waist_girth": 0.17402932,
        "right_waist_lateral_half_width": 0.029287491,
        "right_width": 0.070116244
    },
    "size_gender": "male"
}