{
    "measurements": {
        "left_ankle_wrap": 0.23314844,
        "left_arch_height": 0.018340359,
        "left_back_arch_gap_90": 0.0073766061,
        "left_ball_girth": 0.24591441,
        "left_bauer_fit": 0.5013299,
        "left_forefoot_height": 0.035327248,
        "left_heel_to_ball": 0.22060032,
        "left_heel_width": 0.063920118,
        "left_height_80": 0.035327248,
        "left_height_90": 0.029746231,
        "left_instep_girth": 0.25605148,
        "left_instep_height": 0.068796791,
        "left_lateral_half_width": 0.057277564,
        "left_lateral_half_width_44": 0.049091808,
        "left_lateral_half_width_50": 0.052625641,
        "left_lateral_half_width_58": 0.057095014,
        "left_lateral_half_width_66": 0.05584069,
        "left_lateral_half_width_74": 0.052610666,
        "left_lateral_half_width_82": 0.041516662,
        "left_lateral_half_width_90": 0.027093081,
        "left_length": 0.2758109,
        "left_medial_half_width": 0.042614609,
        "left_medial_half_width_44": 0.034256164,
        "left_medial_half_width_50": 0.034827273,
        "left_medial_half_width_58": 0.03503425,
        "left_medial_half_width_66": 0.03721511,
        "left_medial_half_width_74": 0.039548613,
        "left_medial_half_width_82": 0.044215247,
        "left_medial_half_width_90": 0.047918867,
        "left_plastic_height": 0.15330337,
        "left_short_heel_girth": 0.33562604,
        "left_waist_girth": 0.25309056,
        "left_waist_lateral_half_width": 0.047199029,
        "left_width": 0.099892169,
        "right_ankle_wrap": 0.224727,
        "right_arch_height": 0.01574862,
        "right_back_arch_gap_90": 0.0088422457,
        "right_ball_girth": 0.24851543,
        "right_bauer_fit": 0.50608349,
        "right_forefoot_height": 0.0344198,
        "right_heel_to_ball": 0.22065228,
        "right_heel_width": 0.068169,
        "right_height_80": 0.0344198,
        "right_height_90": 0.027682874,
        "right_instep_girth": 0.2597045,
        "right_instep_height": 0.066433616,
        "right_lateral_half_width": 0.058495335,
        "right_lateral_half_width_44": 0.048024591,
        "right_lateral_half_width_50": 0.052443132,
        "right_lateral_half_width_58": 0.058052123,
        "right_lateral_half_width_66": 0.057134278,
        "right_lateral_half_width_74": 0.053348619,
        "right_lateral_half_width_82": 0.040901702,
        "right_lateral_half_width_90": 0.030298201,
        "right_length": 0.27813214,
        "right_medial_half_width": 0.043040432,
        "right_medial_half_width_44": 0.038064089,
        "right_medial_half_width_50": 0.038092867,
        "right_medial_half_width_58": 0.037271969,
        "right_medial_half_width_66": 0.038076438,
        "right_medial_half_width_74": 0.04043192,
        "right_medial_half_width_82": 0.044477727,
        "right_medial_half_width_90": 0.043145381,
        "right_plastic_height": 0.15292735,
        "right_short_heel_girth": 0.33653605,
        "right_waist_girth": 0.25879461,
        "right_waist_lateral_half_width": 0.046046849,
        "right_width": 0.10153577
    },
    "size_gender": "male"
}