{
    "measurements": {
        "left_ankle_wrap": 0.19252139,
        "left_arch_height": 0.014975107,
        "left_back_arch_gap_90": 0.012845117,
        "left_ball_girth": 0.20525822,
        "left_bauer_fit": 0.39588863,
        "left_forefoot_height": 0.027531657,
        "left_heel_to_ball": 0.15114672,
        "left_heel_width": 0.053362437,
        "left_height_80": 0.027531657,
        "left_height_90": 0.020365605,
        "left_instep_girth": 0.20422678,
        "left_instep_height": 0.051584642,
        "left_lateral_half_width": 0.046891946,
        "left_lateral_half_width_44": 0.036734749,
        "left_lateral_half_width_50": 0.040208552,
        "left_lateral_half_width_58": 0.04590264,
        "left_lateral_half_width_66": 0.046450011,
        "left_lateral_half_width_74": 0.044253413,
        "left_lateral_half_width_82": 0.035321563,
        "left_lateral_half_width_90": 0.022977248,
        "left_length": 0.20533256,
        "left_medial_half_width": 0.032623984,
        "left_medial_half_width_44": 0.03256008,
        "left_medial_half_width_50": 0.03044383,
        "left_medial_half_width_58": 0.029397253,
        "left_medial_half_width_66": 0.030945007,
        "left_medial_half_width_74": 0.032590043,
        "left_medial_half_width_82": 0.03162913,
        "left_medial_half_width_90": 0.030712703,
        "left_plastic_height": 0.15152438,
        "left_short_heel_girth": 0.27279246,
        "left_waist_girth": 0.20138277,
        "left_waist_lateral_half_width": 0.034566466,
        "left_width": 0.079515934,
        "right_ankle_wrap": 0.1910364,
        "right_arch_height": 0.015477692,
        "right_back_arch_gap_90": 0.014733386,
        "right_ball_girth": 0.20714234,
        "right_bauer_fit": 0.40308389,
        "right_forefoot_height": 0.02821449,
        "right_heel_to_ball": 0.15572588,
        "right_heel_width": 0.051676422,
        "right_height_80": 0.02821449,
        "right_height_90": 0.020398015,
        "right_instep_girth": 0.20533347,
        "right_instep_height": 0.051580146,
        "right_lateral_half_width": 0.047435466,
        "right_lateral_half_width_44": 0.037937324,
        "right_lateral_half_width_50": 0.041717857,
        "right_lateral_half_width_58": 0.046351213,
        "right_lateral_half_width_66": 0.0472977,
        "right_lateral_half_width_74": 0.045829866,
        "right_lateral_half_width_82": 0.036033042,
        "right_lateral_half_width_90": 0.024543595,
        "right_length": 0.20636494,
        "right_medial_half_width": 0.033743225,
        "right_medial_half_width_44": 0.030195396,
        "right_medial_half_width_50": 0.03099663,
        "right_medial_half_width_58": 0.031120567,
        "right_medial_half_width_66": 0.031523425,
        "right_medial_half_width_74": 0.033647779,
        "right_medial_half_width_82": 0.033251822,
        "right_medial_half_width_90": 0.032942351,
        "right_plastic_height": 0.15189105,
        "right_short_heel_girth": 0.27132019,
        "right_waist_girth": 0.20184898,
        "right_waist_lateral_half_width": 0.035257097,
        "right_width": 0.081178695
    },
    "size_gender": "female"
}