{
    "measurements": {
        "left_ankle_wrap": 0.22166781,
        "left_arch_height": 0.018976176,
        "left_back_arch_gap_90": 0.0045578033,
        "left_ball_girth": 0.24327545,
        "left_bauer_fit": 0.49428752,
        "left_forefoot_height": 0.035144541,
        "left_heel_to_ball": 0.22024222,
        "left_heel_width": 0.063548617,
        "left_height_80": 0.035144541,
        "left_height_90": 0.027305834,
        "left_instep_girth": 0.2554028,
        "left_instep_height": 0.069772936,
        "left_lateral_half_width": 0.056083851,
        "left_lateral_half_width_44": 0.048652627,
        "left_lateral_half_width_50": 0.051864728,
        "left_lateral_half_width_58": 0.055891935,
        "left_lateral_half_width_66": 0.054969057,
        "left_lateral_half_width_74": 0.051674902,
        "left_lateral_half_width_82": 0.039231732,
        "left_lateral_half_width_90": 0.024692655,
        "left_length": 0.27552506,
        "left_medial_half_width": 0.041956469,
        "left_medial_half_width_44": 0.034490831,
        "left_medial_half_width_50": 0.035016585,
        "left_medial_half_width_58": 0.035462994,
        "left_medial_half_width_66": 0.036631681,
        "left_medial_half_width_74": 0.03845967,
        "left_medial_half_width_82": 0.043282509,
        "left_medial_half_width_90": 0.046344314,
        "left_plastic_height": 0.15289272,
        "left_short_heel_girth": 0.33259305,
        "left_waist_girth": 0.25396693,
        "left_waist_lateral_half_width": 0.04677321,
        "left_width": 0.09804032,
        "right_ankle_wrap": 0.22259334,
        "right_arch_height": 0.01770686,
        "right_back_arch_gap_90": 0.0045094886,
        "right_ball_girth": 0.2445613,
        "right_bauer_fit": 0.4939675,
        "right_forefoot_height": 0.03356006,
        "right_heel_to_ball": 0.22151642,
        "right_heel_width": 0.066635855,
        "right_height_80": 0.03356006,
        "right_height_90": 0.027992444,
        "right_instep_girth": 0.25673896,
        "right_instep_height": 0.065889686,
        "right_lateral_half_width": 0.059021529,
        "right_lateral_half_width_44": 0.048707929,
        "right_lateral_half_width_50": 0.052951071,
        "right_lateral_half_width_58": 0.058462556,
        "right_lateral_half_width_66": 0.056658722,
        "right_lateral_half_width_74": 0.052812152,
        "right_lateral_half_width_82": 0.040283948,
        "right_lateral_half_width_90": 0.028265558,
        "right_length": 0.27818102,
        "right_medial_half_width": 0.039841708,
        "right_medial_half_width_44": 0.038096417,
        "right_medial_half_width_50": 0.037418295,
        "right_medial_half_width_58": 0.037280887,
        "right_medial_half_width_66": 0.037765708,
        "right_medial_half_width_74": 0.0393158,
        "right_medial_half_width_82": 0.040530633,
        "right_medial_half_width_90": 0.04170936,
        "right_plastic_height": 0.1525991,
        "right_short_heel_girth": 0.33298606,
        "right_waist_girth": 0.25677752,
        "right_waist_lateral_half_width": 0.046560619,
        "right_width": 0.098863237
    },
    "size_gender": "male"
}