{
    "measurements": {
        "left_ankle_wrap": 0.16583394,
        "left_arch_height": 0.0049997144,
        "left_back_arch_gap_90": -0.02010791,
        "left_ball_girth": 0.17656697,
        "left_bauer_fit": 0.4604857,
        "left_forefoot_height": 0.014921661,
        "left_heel_to_ball": 0.1247132,
        "left_heel_width": 0.056507498,
        "left_height_80": 0.014921661,
        "left_height_90": 0.010483918,
        "left_instep_girth": 0.22805029,
        "left_instep_height": 0.024936929,
        "left_lateral_half_width": 0.063804507,
        "left_lateral_half_width_44": 0.057439171,
        "left_lateral_half_width_50": 0.060638063,
        "left_lateral_half_width_58": 0.06379158,
        "left_lateral_half_width_66": 0.054821681,
        "left_lateral_half_width_74": 0.052234445,
        "left_lateral_half_width_82": 0.052046943,
        "left_lateral_half_width_90": 0.053144295,
        "left_length": 0.19109592,
        "left_medial_half_width": 0.036784127,
        "left_medial_half_width_44": 0.042759523,
        "left_medial_half_width_50": 0.04142822,
        "left_medial_half_width_58": 0.040750414,
        "left_medial_half_width_66": 0.036601644,
        "left_medial_half_width_74": 0.0059675332,
        "left_medial_half_width_82": 0.0040194239,
        "left_medial_half_width_90": -0.0010721264,
        "left_plastic_height": 0.15178689,
        "left_short_heel_girth": 0.15938395,
        "left_waist_girth": 0.23373279,
        "left_waist_lateral_half_width": 0.055653691,
        "left_width": 0.10058863,
        "right_ankle_wrap": 0.15765767,
        "right_arch_height": 0.00055153429,
        "right_back_arch_gap_90": -0.02565326,
        "right_ball_girth": 0.19027483,
        "right_bauer_fit": 0.40924379,
        "right_forefoot_height": 0.015076332,
        "right_heel_to_ball": 0.14986154,
        "right_heel_width": 0.061060548,
        "right_height_80": 0.015076332,
        "right_height_90": 0.010591588,
        "right_instep_girth": 0.24268736,
        "right_instep_height": 0.023644032,
        "right_lateral_half_width": 0.052523524,
        "right_lateral_half_width_44": 0.04146738,
        "right_lateral_half_width_50": 0.043282203,
        "right_lateral_half_width_58": 0.046747725,
        "right_lateral_half_width_66": 0.052380148,
        "right_lateral_half_width_74": 0.02403242,
        "right_lateral_half_width_82": 0.022333574,
        "right_lateral_half_width_90": 0.020822249,
        "right_length": 0.19240877,
        "right_medial_half_width": 0.036529541,
        "right_medial_half_width_44": 0.063089125,
        "right_medial_half_width_50": 0.065694734,
        "right_medial_half_width_58": 0.063049369,
        "right_medial_half_width_66": 0.034942705,
        "right_medial_half_width_74": 0.035959966,
        "right_medial_half_width_82": 0.035797033,
        "right_medial_half_width_90": 0.034819875,
        "right_plastic_height": 0.15122445,
        "right_short_heel_girth": 0.16398194,
        "right_waist_girth": 0.25663322,
        "right_waist_lateral_half_width": 0.040722527,
        "right_width": 0.089053065
    },
    "size_gender": null
}