{
    "measurements": {
        "left_ankle_wrap": 0.22785729,
        "left_arch_height": 0.011129498,
        "left_back_arch_gap_90": 0.0050637149,
        "left_ball_girth": 0.23381317,
        "left_bauer_fit": 0.46658474,
        "left_forefoot_height": 0.031696644,
        "left_heel_to_ball": 0.19534701,
        "left_heel_width": 0.066492975,
        "left_height_80": 0.031696644,
        "left_height_90": 0.022366246,
        "left_instep_girth": 0.23218437,
        "left_instep_height": 0.059391391,
        "left_lateral_half_width": 0.053846616,
        "left_lateral_half_width_44": 0.044042259,
        "left_lateral_half_width_50": 0.047614526,
        "left_lateral_half_width_58": 0.052126016,
        "left_lateral_half_width_66": 0.05354232,
        "left_lateral_half_width_74": 0.051796205,
        "left_lateral_half_width_82": 0.04108854,
        "left_lateral_half_width_90": 0.022550609,
        "left_length": 0.24877794,
        "left_medial_half_width": 0.040193416,
        "left_medial_half_width_44": 0.033731781,
        "left_medial_half_width_50": 0.033620726,
        "left_medial_half_width_58": 0.034038875,
        "left_medial_half_width_66": 0.035677612,
        "left_medial_half_width_74": 0.038540058,
        "left_medial_half_width_82": 0.03928877,
        "left_medial_half_width_90": 0.036002789,
        "left_plastic_height": 0.15303467,
        "left_short_heel_girth": 0.31346178,
        "left_waist_girth": 0.23457175,
        "left_waist_lateral_half_width": 0.042462572,
        "left_width": 0.094040036,
        "right_ankle_wrap": 0.224462,
        "right_arch_height": 0.011542845,
        "right_back_arch_gap_90": 0.0067524994,
        "right_ball_girth": 0.23552193,
        "right_bauer_fit": 0.46730092,
        "right_forefoot_height": 0.032168142,
        "right_heel_to_ball": 0.18784402,
        "right_heel_width": 0.065356493,
        "right_height_80": 0.032168142,
        "right_height_90": 0.02263893,
        "right_instep_girth": 0.23087978,
        "right_instep_height": 0.0585919,
        "right_lateral_half_width": 0.054849379,
        "right_lateral_half_width_44": 0.046041183,
        "right_lateral_half_width_50": 0.048647121,
        "right_lateral_half_width_58": 0.052495867,
        "right_lateral_half_width_66": 0.05483228,
        "right_lateral_half_width_74": 0.052579131,
        "right_lateral_half_width_82": 0.040047396,
        "right_lateral_half_width_90": 0.022293104,
        "right_length": 0.2503649,
        "right_medial_half_width": 0.0395407,
        "right_medial_half_width_44": 0.032806162,
        "right_medial_half_width_50": 0.032740448,
        "right_medial_half_width_58": 0.034672312,
        "right_medial_half_width_66": 0.036549646,
        "right_medial_half_width_74": 0.03947584,
        "right_medial_half_width_82": 0.038991977,
        "right_medial_half_width_90": 0.038236029,
        "right_plastic_height": 0.15287156,
        "right_short_heel_girth": 0.31196374,
        "right_waist_girth": 0.23491122,
        "right_waist_lateral_half_width": 0.044536408,
        "right_width": 0.094390079
    },
    "size_gender": "female"
}