{
    "measurements": {
        "left_ankle_wrap": 0.26295486,
        "left_arch_height": 0.00529323,
        "left_back_arch_gap_90": 0.012672349,
        "left_ball_girth": 0.25934437,
        "left_bauer_fit": 0.50763571,
        "left_forefoot_height": 0.032650247,
        "left_heel_to_ball": 0.18559267,
        "left_heel_width": 0.067867972,
        "left_height_80": 0.032650247,
        "left_height_90": 0.024431089,
        "left_instep_girth": 0.26123551,
        "left_instep_height": 0.055382013,
        "left_lateral_half_width": 0.062801681,
        "left_lateral_half_width_44": 0.059497409,
        "left_lateral_half_width_50": 0.061288696,
        "left_lateral_half_width_58": 0.062738039,
        "left_lateral_half_width_66": 0.0613767,
        "left_lateral_half_width_74": 0.058478169,
        "left_lateral_half_width_82": 0.045455735,
        "left_lateral_half_width_90": 0.026493659,
        "left_length": 0.26267055,
        "left_medial_half_width": 0.0416449,
        "left_medial_half_width_44": 0.041780375,
        "left_medial_half_width_50": 0.041775912,
        "left_medial_half_width_58": 0.041137632,
        "left_medial_half_width_66": 0.04084494,
        "left_medial_half_width_74": 0.041005053,
        "left_medial_half_width_82": 0.039747361,
        "left_medial_half_width_90": 0.038005721,
        "left_plastic_height": 0.15315059,
        "left_short_heel_girth": 0.33259118,
        "left_waist_girth": 0.27311581,
        "left_waist_lateral_half_width": 0.057563655,
        "left_width": 0.10444658,
        "right_ankle_wrap": 0.26077327,
        "right_arch_height": 0.0053695738,
        "right_back_arch_gap_90": 0.014773898,
        "right_ball_girth": 0.25562236,
        "right_bauer_fit": 0.51025426,
        "right_forefoot_height": 0.032673396,
        "right_heel_to_ball": 0.17750953,
        "right_heel_width": 0.0684471,
        "right_height_80": 0.032673396,
        "right_height_90": 0.024850823,
        "right_instep_girth": 0.26786208,
        "right_instep_height": 0.05497472,
        "right_lateral_half_width": 0.063695647,
        "right_lateral_half_width_44": 0.058638625,
        "right_lateral_half_width_50": 0.061463792,
        "right_lateral_half_width_58": 0.063548364,
        "right_lateral_half_width_66": 0.062103163,
        "right_lateral_half_width_74": 0.06005412,
        "right_lateral_half_width_82": 0.047514766,
        "right_lateral_half_width_90": 0.02979986,
        "right_length": 0.26271,
        "right_medial_half_width": 0.041449741,
        "right_medial_half_width_44": 0.044870969,
        "right_medial_half_width_50": 0.045559898,
        "right_medial_half_width_58": 0.042809315,
        "right_medial_half_width_66": 0.041320611,
        "right_medial_half_width_74": 0.039396383,
        "right_medial_half_width_82": 0.036000445,
        "right_medial_half_width_90": 0.031112153,
        "right_plastic_height": 0.15286526,
        "right_short_heel_girth": 0.33674783,
        "right_waist_girth": 0.27728868,
        "right_waist_lateral_half_width": 0.056395482,
        "right_width": 0.10514539
    },
    "size_gender": null
}