{
    "measurements": {
        "left_ankle_wrap": 0.23100907,
        "left_arch_height": 0.013454745,
        "left_back_arch_gap_90": 0.00957282,
        "left_ball_girth": 0.22444509,
        "left_bauer_fit": 0.43731493,
        "left_forefoot_height": 0.0309941,
        "left_heel_to_ball": 0.16846716,
        "left_heel_width": 0.062827781,
        "left_height_80": 0.0309941,
        "left_height_90": 0.022226827,
        "left_instep_girth": 0.22337432,
        "left_instep_height": 0.058617085,
        "left_lateral_half_width": 0.05183731,
        "left_lateral_half_width_44": 0.041493572,
        "left_lateral_half_width_50": 0.045760691,
        "left_lateral_half_width_58": 0.050948679,
        "left_lateral_half_width_66": 0.05165213,
        "left_lateral_half_width_74": 0.050589256,
        "left_lateral_half_width_82": 0.038995553,
        "left_lateral_half_width_90": 0.02442403,
        "left_length": 0.23449883,
        "left_medial_half_width": 0.035621781,
        "left_medial_half_width_44": 0.031755462,
        "left_medial_half_width_50": 0.031859484,
        "left_medial_half_width_58": 0.032511756,
        "left_medial_half_width_66": 0.034415953,
        "left_medial_half_width_74": 0.035524413,
        "left_medial_half_width_82": 0.033294059,
        "left_medial_half_width_90": 0.031072019,
        "left_plastic_height": 0.15270329,
        "left_short_heel_girth": 0.30850887,
        "left_waist_girth": 0.22202069,
        "left_waist_lateral_half_width": 0.039596267,
        "left_width": 0.087459087,
        "right_ankle_wrap": 0.22888404,
        "right_arch_height": 0.012331315,
        "right_back_arch_gap_90": 0.0098905489,
        "right_ball_girth": 0.22807185,
        "right_bauer_fit": 0.44872752,
        "right_forefoot_height": 0.030304775,
        "right_heel_to_ball": 0.17046329,
        "right_heel_width": 0.062595323,
        "right_height_80": 0.030304775,
        "right_height_90": 0.021020869,
        "right_instep_girth": 0.22464138,
        "right_instep_height": 0.057696931,
        "right_lateral_half_width": 0.052821413,
        "right_lateral_half_width_44": 0.045526356,
        "right_lateral_half_width_50": 0.048532903,
        "right_lateral_half_width_58": 0.051277786,
        "right_lateral_half_width_66": 0.052426793,
        "right_lateral_half_width_74": 0.050984513,
        "right_lateral_half_width_82": 0.041916523,
        "right_lateral_half_width_90": 0.028627278,
        "right_length": 0.23387878,
        "right_medial_half_width": 0.037485879,
        "right_medial_half_width_44": 0.031462427,
        "right_medial_half_width_50": 0.030378517,
        "right_medial_half_width_58": 0.032348432,
        "right_medial_half_width_66": 0.034937669,
        "right_medial_half_width_74": 0.03730154,
        "right_medial_half_width_82": 0.032118861,
        "right_medial_half_width_90": 0.027391789,
        "right_plastic_height": 0.1525439,
        "right_short_heel_girth": 0.30968097,
        "right_waist_girth": 0.22822174,
        "right_waist_lateral_half_width": 0.043575972,
        "right_width": 0.090307295
    },
    "size_gender": "female"
}