{
    "measurements": {
        "left_ankle_wrap": 0.15987849,
        "left_arch_height": 0.0069148708,
        "left_back_arch_gap_90": 0.00914665,
        "left_ball_girth": 0.18232006,
        "left_bauer_fit": 0.36573336,
        "left_forefoot_height": 0.022706641,
        "left_heel_to_ball": 0.14789575,
        "left_heel_width": 0.050314482,
        "left_height_80": 0.022706641,
        "left_height_90": 0.017886914,
        "left_instep_girth": 0.18267858,
        "left_instep_height": 0.043353446,
        "left_lateral_half_width": 0.044441544,
        "left_lateral_half_width_44": 0.031792775,
        "left_lateral_half_width_50": 0.035888761,
        "left_lateral_half_width_58": 0.040567365,
        "left_lateral_half_width_66": 0.043783296,
        "left_lateral_half_width_74": 0.044064064,
        "left_lateral_half_width_82": 0.041760515,
        "left_lateral_half_width_90": 0.029768217,
        "left_length": 0.19640148,
        "left_medial_half_width": 0.030011091,
        "left_medial_half_width_44": 0.029500337,
        "left_medial_half_width_50": 0.029315457,
        "left_medial_half_width_58": 0.028834915,
        "left_medial_half_width_66": 0.029159423,
        "left_medial_half_width_74": 0.029972069,
        "left_medial_half_width_82": 0.028001878,
        "left_medial_half_width_90": 0.027495438,
        "left_plastic_height": 0.15173596,
        "left_short_heel_girth": 0.24321538,
        "left_waist_girth": 0.18358703,
        "left_waist_lateral_half_width": 0.030937867,
        "left_width": 0.074452639,
        "right_ankle_wrap": 0.15674752,
        "right_arch_height": 0.011419472,
        "right_back_arch_gap_90": 0.0057985471,
        "right_ball_girth": 0.1837835,
        "right_bauer_fit": 0.37843126,
        "right_forefoot_height": 0.022228543,
        "right_heel_to_ball": 0.14623746,
        "right_heel_width": 0.048385687,
        "right_height_80": 0.022228543,
        "right_height_90": 0.017684883,
        "right_instep_girth": 0.18436435,
        "right_instep_height": 0.045773312,
        "right_lateral_half_width": 0.04515712,
        "right_lateral_half_width_44": 0.032910675,
        "right_lateral_half_width_50": 0.036668014,
        "right_lateral_half_width_58": 0.041224673,
        "right_lateral_half_width_66": 0.043837752,
        "right_lateral_half_width_74": 0.045067068,
        "right_lateral_half_width_82": 0.037034236,
        "right_lateral_half_width_90": 0.024099,
        "right_length": 0.19485131,
        "right_medial_half_width": 0.031669203,
        "right_medial_half_width_44": 0.029130796,
        "right_medial_half_width_50": 0.030772287,
        "right_medial_half_width_58": 0.029418567,
        "right_medial_half_width_66": 0.029209407,
        "right_medial_half_width_74": 0.03153988,
        "right_medial_half_width_82": 0.028545288,
        "right_medial_half_width_90": 0.028185366,
        "right_plastic_height": 0.15173542,
        "right_short_heel_girth": 0.23785479,
        "right_waist_girth": 0.18252444,
        "right_waist_lateral_half_width": 0.031386461,
        "right_width": 0.076826319
    },
    "size_gender": "male"
}