{
    "measurements": {
        "left_ankle_wrap": 0.30081251,
        "left_arch_height": 0.017555071,
        "left_back_arch_gap_90": 0.0068454328,
        "left_ball_girth": 0.24621402,
        "left_bauer_fit": 0.50215495,
        "left_forefoot_height": 0.034711283,
        "left_heel_to_ball": 0.22024515,
        "left_heel_width": 0.066261679,
        "left_height_80": 0.034711283,
        "left_height_90": 0.028752467,
        "left_instep_girth": 0.25719753,
        "left_instep_height": 0.07005021,
        "left_lateral_half_width": 0.056737617,
        "left_lateral_half_width_44": 0.048246305,
        "left_lateral_half_width_50": 0.051821291,
        "left_lateral_half_width_58": 0.05618443,
        "left_lateral_half_width_66": 0.055475108,
        "left_lateral_half_width_74": 0.053268939,
        "left_lateral_half_width_82": 0.041034989,
        "left_lateral_half_width_90": 0.025563009,
        "left_length": 0.27546918,
        "left_medial_half_width": 0.043055627,
        "left_medial_half_width_44": 0.034598086,
        "left_medial_half_width_50": 0.036036234,
        "left_medial_half_width_58": 0.036044694,
        "left_medial_half_width_66": 0.03695808,
        "left_medial_half_width_74": 0.040441677,
        "left_medial_half_width_82": 0.044523146,
        "left_medial_half_width_90": 0.047898095,
        "left_plastic_height": 0.15396485,
        "left_short_heel_girth": 0.33927253,
        "left_waist_girth": 0.25563514,
        "left_waist_lateral_half_width": 0.046326682,
        "left_width": 0.09979324,
        "right_ankle_wrap": 0.30003092,
        "right_arch_height": 0.01625886,
        "right_back_arch_gap_90": 0.0071762903,
        "right_ball_girth": 0.2464785,
        "right_bauer_fit": 0.49338791,
        "right_forefoot_height": 0.033877213,
        "right_heel_to_ball": 0.22199903,
        "right_heel_width": 0.066685356,
        "right_height_80": 0.033877213,
        "right_height_90": 0.027166234,
        "right_instep_girth": 0.2604551,
        "right_instep_height": 0.06610401,
        "right_lateral_half_width": 0.058848556,
        "right_lateral_half_width_44": 0.048677213,
        "right_lateral_half_width_50": 0.053164132,
        "right_lateral_half_width_58": 0.058247797,
        "right_lateral_half_width_66": 0.057022955,
        "right_lateral_half_width_74": 0.054303836,
        "right_lateral_half_width_82": 0.044534046,
        "right_lateral_half_width_90": 0.033130288,
        "right_length": 0.27818045,
        "right_medial_half_width": 0.039831325,
        "right_medial_half_width_44": 0.038520548,
        "right_medial_half_width_50": 0.038370822,
        "right_medial_half_width_58": 0.037598215,
        "right_medial_half_width_66": 0.038000427,
        "right_medial_half_width_74": 0.038522258,
        "right_medial_half_width_82": 0.041034695,
        "right_medial_half_width_90": 0.040704224,
        "right_plastic_height": 0.15305337,
        "right_short_heel_girth": 0.33817878,
        "right_waist_girth": 0.258533,
        "right_waist_lateral_half_width": 0.046518173,
        "right_width": 0.098679885
    },
    "size_gender": "male"
}