{
    "measurements": {
        "left_ankle_wrap": 0.23243234,
        "left_arch_height": 0.016567014,
        "left_back_arch_gap_90": 0.0066907345,
        "left_ball_girth": 0.24530709,
        "left_bauer_fit": 0.50096071,
        "left_forefoot_height": 0.035372518,
        "left_heel_to_ball": 0.21675508,
        "left_heel_width": 0.06717138,
        "left_height_80": 0.035372518,
        "left_height_90": 0.029629543,
        "left_instep_girth": 0.25723788,
        "left_instep_height": 0.06915684,
        "left_lateral_half_width": 0.057014808,
        "left_lateral_half_width_44": 0.048178095,
        "left_lateral_half_width_50": 0.05168651,
        "left_lateral_half_width_58": 0.056565825,
        "left_lateral_half_width_66": 0.055950291,
        "left_lateral_half_width_74": 0.052736923,
        "left_lateral_half_width_82": 0.041964598,
        "left_lateral_half_width_90": 0.028140647,
        "left_length": 0.27376887,
        "left_medial_half_width": 0.042708956,
        "left_medial_half_width_44": 0.034057278,
        "left_medial_half_width_50": 0.035135224,
        "left_medial_half_width_58": 0.035437174,
        "left_medial_half_width_66": 0.037280474,
        "left_medial_half_width_74": 0.039997347,
        "left_medial_half_width_82": 0.044450462,
        "left_medial_half_width_90": 0.047361031,
        "left_plastic_height": 0.15146926,
        "left_short_heel_girth": 0.33829927,
        "left_waist_girth": 0.25407815,
        "left_waist_lateral_half_width": 0.046551768,
        "left_width": 0.099723764,
        "right_ankle_wrap": 0.22487298,
        "right_arch_height": 0.016326027,
        "right_back_arch_gap_90": 0.0084947282,
        "right_ball_girth": 0.24708578,
        "right_bauer_fit": 0.50006086,
        "right_forefoot_height": 0.0342721,
        "right_heel_to_ball": 0.21995115,
        "right_heel_width": 0.065855,
        "right_height_80": 0.0342721,
        "right_height_90": 0.028040214,
        "right_instep_girth": 0.25938576,
        "right_instep_height": 0.065959118,
        "right_lateral_half_width": 0.058447212,
        "right_lateral_half_width_44": 0.047916573,
        "right_lateral_half_width_50": 0.052455973,
        "right_lateral_half_width_58": 0.058175918,
        "right_lateral_half_width_66": 0.057088207,
        "right_lateral_half_width_74": 0.053438462,
        "right_lateral_half_width_82": 0.042759132,
        "right_lateral_half_width_90": 0.0317318,
        "right_length": 0.27737278,
        "right_medial_half_width": 0.041807238,
        "right_medial_half_width_44": 0.03825767,
        "right_medial_half_width_50": 0.037940219,
        "right_medial_half_width_58": 0.037475262,
        "right_medial_half_width_66": 0.038050115,
        "right_medial_half_width_74": 0.039277483,
        "right_medial_half_width_82": 0.04315456,
        "right_medial_half_width_90": 0.042220358,
        "right_plastic_height": 0.15280777,
        "right_short_heel_girth": 0.3361173,
        "right_waist_girth": 0.25680867,
        "right_waist_lateral_half_width": 0.04597234,
        "right_width": 0.10025445
    },
    "size_gender": "male"
}