{
    "measurements": {
        "left_ankle_wrap": 0.19884096,
        "left_arch_height": 0.018305473,
        "left_back_arch_gap_90": 0.00883949,
        "left_ball_girth": 0.24219024,
        "left_bauer_fit": 0.48128515,
        "left_forefoot_height": 0.035109945,
        "left_heel_to_ball": 0.16474232,
        "left_heel_width": 0.063286439,
        "left_height_80": 0.035109945,
        "left_height_90": 0.026726907,
        "left_instep_girth": 0.2440317,
        "left_instep_height": 0.06558755,
        "left_lateral_half_width": 0.057544727,
        "left_lateral_half_width_44": 0.04534018,
        "left_lateral_half_width_50": 0.048306502,
        "left_lateral_half_width_58": 0.053954341,
        "left_lateral_half_width_66": 0.057524595,
        "left_lateral_half_width_74": 0.057083115,
        "left_lateral_half_width_82": 0.051744327,
        "left_lateral_half_width_90": 0.035960976,
        "left_length": 0.24285017,
        "left_medial_half_width": 0.038459342,
        "left_medial_half_width_44": 0.036787834,
        "left_medial_half_width_50": 0.037252244,
        "left_medial_half_width_58": 0.037339129,
        "left_medial_half_width_66": 0.03833086,
        "left_medial_half_width_74": 0.036530267,
        "left_medial_half_width_82": 0.034770109,
        "left_medial_half_width_90": 0.027680466,
        "left_plastic_height": 0.15137938,
        "left_short_heel_girth": 0.30808926,
        "left_waist_girth": 0.2443925,
        "left_waist_lateral_half_width": 0.044277959,
        "left_width": 0.096004069,
        "right_ankle_wrap": 0.20000893,
        "right_arch_height": 0.014569846,
        "right_back_arch_gap_90": 0.010052609,
        "right_ball_girth": 0.24687584,
        "right_bauer_fit": 0.49036989,
        "right_forefoot_height": 0.032467354,
        "right_heel_to_ball": 0.17601798,
        "right_heel_width": 0.064237013,
        "right_height_80": 0.032467354,
        "right_height_90": 0.024052907,
        "right_instep_girth": 0.24640492,
        "right_instep_height": 0.062107164,
        "right_lateral_half_width": 0.058177195,
        "right_lateral_half_width_44": 0.047156893,
        "right_lateral_half_width_50": 0.0511582,
        "right_lateral_half_width_58": 0.055941109,
        "right_lateral_half_width_66": 0.058163844,
        "right_lateral_half_width_74": 0.057307761,
        "right_lateral_half_width_82": 0.052828629,
        "right_lateral_half_width_90": 0.034071252,
        "right_length": 0.2417769,
        "right_medial_half_width": 0.040728748,
        "right_medial_half_width_44": 0.035949416,
        "right_medial_half_width_50": 0.036556665,
        "right_medial_half_width_58": 0.03786891,
        "right_medial_half_width_66": 0.038761582,
        "right_medial_half_width_74": 0.040672805,
        "right_medial_half_width_82": 0.034975182,
        "right_medial_half_width_90": 0.030170599,
        "right_plastic_height": 0.15301807,
        "right_short_heel_girth": 0.30882126,
        "right_waist_girth": 0.24377902,
        "right_waist_lateral_half_width": 0.045312189,
        "right_width": 0.098905943
    },
    "size_gender": "female"
}