{
    "measurements": {
        "left_ankle_wrap": 0.22342898,
        "left_arch_height": 0.011829424,
        "left_back_arch_gap_90": 0.010914481,
        "left_ball_girth": 0.24990258,
        "left_bauer_fit": 0.4988122,
        "left_forefoot_height": 0.033717975,
        "left_heel_to_ball": 0.19492908,
        "left_heel_width": 0.062774085,
        "left_height_80": 0.033717975,
        "left_height_90": 0.024864329,
        "left_instep_girth": 0.25379807,
        "left_instep_height": 0.0618481,
        "left_lateral_half_width": 0.059760965,
        "left_lateral_half_width_44": 0.048443276,
        "left_lateral_half_width_50": 0.053729557,
        "left_lateral_half_width_58": 0.058793504,
        "left_lateral_half_width_66": 0.059038006,
        "left_lateral_half_width_74": 0.057270773,
        "left_lateral_half_width_82": 0.047189493,
        "left_lateral_half_width_90": 0.035929106,
        "left_length": 0.26570281,
        "left_medial_half_width": 0.041154534,
        "left_medial_half_width_44": 0.038692206,
        "left_medial_half_width_50": 0.037916336,
        "left_medial_half_width_58": 0.038112175,
        "left_medial_half_width_66": 0.03934747,
        "left_medial_half_width_74": 0.041021995,
        "left_medial_half_width_82": 0.034905802,
        "left_medial_half_width_90": 0.031627819,
        "left_plastic_height": 0.15182422,
        "left_short_heel_girth": 0.32790479,
        "left_waist_girth": 0.25131986,
        "left_waist_lateral_half_width": 0.045381,
        "left_width": 0.1009155,
        "right_ankle_wrap": 0.22715728,
        "right_arch_height": 0.013326303,
        "right_back_arch_gap_90": 0.010507693,
        "right_ball_girth": 0.2511138,
        "right_bauer_fit": 0.50566095,
        "right_forefoot_height": 0.031397376,
        "right_heel_to_ball": 0.19181775,
        "right_heel_width": 0.063852668,
        "right_height_80": 0.031397376,
        "right_height_90": 0.024378227,
        "right_instep_girth": 0.25434807,
        "right_instep_height": 0.059419274,
        "right_lateral_half_width": 0.060613792,
        "right_lateral_half_width_44": 0.049084652,
        "right_lateral_half_width_50": 0.054016486,
        "right_lateral_half_width_58": 0.059596285,
        "right_lateral_half_width_66": 0.059467789,
        "right_lateral_half_width_74": 0.057848476,
        "right_lateral_half_width_82": 0.047955479,
        "right_lateral_half_width_90": 0.034304585,
        "right_length": 0.2637102,
        "right_medial_half_width": 0.042444341,
        "right_medial_half_width_44": 0.040539939,
        "right_medial_half_width_50": 0.038002025,
        "right_medial_half_width_58": 0.03737798,
        "right_medial_half_width_66": 0.039640039,
        "right_medial_half_width_74": 0.042319153,
        "right_medial_half_width_82": 0.03467828,
        "right_medial_half_width_90": 0.03266371,
        "right_plastic_height": 0.15321009,
        "right_short_heel_girth": 0.3323442,
        "right_waist_girth": 0.25181243,
        "right_waist_lateral_half_width": 0.046309408,
        "right_width": 0.10305813
    },
    "size_gender": "male"
}