{
    "measurements": {
        "left_ankle_wrap": 0.26651669,
        "left_arch_height": 0.021372713,
        "left_back_arch_gap_90": 0.005727767,
        "left_ball_girth": 0.26737288,
        "left_bauer_fit": 0.54041439,
        "left_forefoot_height": 0.039204471,
        "left_heel_to_ball": 0.211651,
        "left_heel_width": 0.072097607,
        "left_height_80": 0.039204471,
        "left_height_90": 0.029100796,
        "left_instep_girth": 0.27207053,
        "left_instep_height": 0.076715596,
        "left_lateral_half_width": 0.063116886,
        "left_lateral_half_width_44": 0.0489826,
        "left_lateral_half_width_50": 0.052506711,
        "left_lateral_half_width_58": 0.056741018,
        "left_lateral_half_width_66": 0.062724493,
        "left_lateral_half_width_74": 0.062689923,
        "left_lateral_half_width_82": 0.060525093,
        "left_lateral_half_width_90": 0.0449819,
        "left_length": 0.27872151,
        "left_medial_half_width": 0.043972909,
        "left_medial_half_width_44": 0.038867604,
        "left_medial_half_width_50": 0.039021544,
        "left_medial_half_width_58": 0.039236039,
        "left_medial_half_width_66": 0.04180868,
        "left_medial_half_width_74": 0.04381809,
        "left_medial_half_width_82": 0.0437507,
        "left_medial_half_width_90": 0.045399994,
        "left_plastic_height": 0.15198043,
        "left_short_heel_girth": 0.36196324,
        "left_waist_girth": 0.27074161,
        "left_waist_lateral_half_width": 0.045884266,
        "left_width": 0.1070898,
        "right_ankle_wrap": 0.29868934,
        "right_arch_height": 0.023737228,
        "right_back_arch_gap_90": 0.0068322872,
        "right_ball_girth": 0.27378935,
        "right_bauer_fit": 0.553258,
        "right_forefoot_height": 0.039386291,
        "right_heel_to_ball": 0.22215447,
        "right_heel_width": 0.072207808,
        "right_height_80": 0.039386291,
        "right_height_90": 0.029160464,
        "right_instep_girth": 0.26939538,
        "right_instep_height": 0.0760754,
        "right_lateral_half_width": 0.064274251,
        "right_lateral_half_width_44": 0.051315621,
        "right_lateral_half_width_50": 0.054782551,
        "right_lateral_half_width_58": 0.058794908,
        "right_lateral_half_width_66": 0.063960582,
        "right_lateral_half_width_74": 0.063939825,
        "right_lateral_half_width_82": 0.062887847,
        "right_lateral_half_width_90": 0.044563215,
        "right_length": 0.27803323,
        "right_medial_half_width": 0.045929577,
        "right_medial_half_width_44": 0.034607045,
        "right_medial_half_width_50": 0.035349227,
        "right_medial_half_width_58": 0.038082939,
        "right_medial_half_width_66": 0.042641506,
        "right_medial_half_width_74": 0.04519384,
        "right_medial_half_width_82": 0.047059316,
        "right_medial_half_width_90": 0.048274152,
        "right_plastic_height": 0.15258147,
        "right_short_heel_girth": 0.36065719,
        "right_waist_girth": 0.27115369,
        "right_waist_lateral_half_width": 0.050039545,
        "right_width": 0.11020383
    },
    "size_gender": "male"
}