{
    "measurements": {
        "left_ankle_wrap": 0.2061352,
        "left_arch_height": 0.0088108312,
        "left_back_arch_gap_90": 0.002940668,
        "left_ball_girth": 0.20185499,
        "left_bauer_fit": 0.39841133,
        "left_forefoot_height": 0.028135624,
        "left_heel_to_ball": 0.16123144,
        "left_heel_width": 0.052981857,
        "left_height_80": 0.028135624,
        "left_height_90": 0.021678664,
        "left_instep_girth": 0.20342177,
        "left_instep_height": 0.050198816,
        "left_lateral_half_width": 0.047995932,
        "left_lateral_half_width_44": 0.040100913,
        "left_lateral_half_width_50": 0.042664427,
        "left_lateral_half_width_58": 0.044839751,
        "left_lateral_half_width_66": 0.047283664,
        "left_lateral_half_width_74": 0.04795783,
        "left_lateral_half_width_82": 0.041857135,
        "left_lateral_half_width_90": 0.03025982,
        "left_length": 0.22091252,
        "left_medial_half_width": 0.032422662,
        "left_medial_half_width_44": 0.033752978,
        "left_medial_half_width_50": 0.032039583,
        "left_medial_half_width_58": 0.030694457,
        "left_medial_half_width_66": 0.031494409,
        "left_medial_half_width_74": 0.032391109,
        "left_medial_half_width_82": 0.031602047,
        "left_medial_half_width_90": 0.029248275,
        "left_plastic_height": 0.15263385,
        "left_short_heel_girth": 0.26962993,
        "left_waist_girth": 0.21141003,
        "left_waist_lateral_half_width": 0.037881214,
        "left_width": 0.080418594,
        "right_ankle_wrap": 0.20390731,
        "right_arch_height": 0.0078855455,
        "right_back_arch_gap_90": 0.0079487395,
        "right_ball_girth": 0.2078851,
        "right_bauer_fit": 0.41039565,
        "right_forefoot_height": 0.027853988,
        "right_heel_to_ball": 0.15795292,
        "right_heel_width": 0.053772494,
        "right_height_80": 0.027853988,
        "right_height_90": 0.021553218,
        "right_instep_girth": 0.20860393,
        "right_instep_height": 0.049005814,
        "right_lateral_half_width": 0.04948074,
        "right_lateral_half_width_44": 0.039015874,
        "right_lateral_half_width_50": 0.042547569,
        "right_lateral_half_width_58": 0.046481133,
        "right_lateral_half_width_66": 0.04881331,
        "right_lateral_half_width_74": 0.049053431,
        "right_lateral_half_width_82": 0.041910175,
        "right_lateral_half_width_90": 0.026834307,
        "right_length": 0.21729773,
        "right_medial_half_width": 0.033981118,
        "right_medial_half_width_44": 0.035352264,
        "right_medial_half_width_50": 0.034081846,
        "right_medial_half_width_58": 0.032851223,
        "right_medial_half_width_66": 0.032533955,
        "right_medial_half_width_74": 0.033834007,
        "right_medial_half_width_82": 0.031473849,
        "right_medial_half_width_90": 0.028616292,
        "right_plastic_height": 0.15193367,
        "right_short_heel_girth": 0.27045143,
        "right_waist_girth": 0.21325515,
        "right_waist_lateral_half_width": 0.037364919,
        "right_width": 0.083461858
    },
    "size_gender": null
}