{
    "measurements": {
        "left_ankle_wrap": 0.20135026,
        "left_arch_height": 0.0080689285,
        "left_back_arch_gap_90": 0.006532304,
        "left_ball_girth": 0.1839058,
        "left_bauer_fit": 0.36204368,
        "left_forefoot_height": 0.026577365,
        "left_heel_to_ball": 0.14943184,
        "left_heel_width": 0.054492347,
        "left_height_80": 0.026577365,
        "left_height_90": 0.019652264,
        "left_instep_girth": 0.19027245,
        "left_instep_height": 0.049943272,
        "left_lateral_half_width": 0.043077342,
        "left_lateral_half_width_44": 0.033032589,
        "left_lateral_half_width_50": 0.035962529,
        "left_lateral_half_width_58": 0.039597712,
        "left_lateral_half_width_66": 0.040986445,
        "left_lateral_half_width_74": 0.04274312,
        "left_lateral_half_width_82": 0.036561962,
        "left_lateral_half_width_90": 0.027714396,
        "left_length": 0.2011683,
        "left_medial_half_width": 0.029001277,
        "left_medial_half_width_44": 0.032383073,
        "left_medial_half_width_50": 0.030112352,
        "left_medial_half_width_58": 0.028521853,
        "left_medial_half_width_66": 0.027280644,
        "left_medial_half_width_74": 0.02899806,
        "left_medial_half_width_82": 0.028351814,
        "left_medial_half_width_90": 0.027282547,
        "left_plastic_height": 0.1509933,
        "left_short_heel_girth": 0.25556684,
        "left_waist_girth": 0.19484119,
        "left_waist_lateral_half_width": 0.031236727,
        "left_width": 0.072078615,
        "right_ankle_wrap": 0.18510936,
        "right_arch_height": 0.012100072,
        "right_back_arch_gap_90": 0.007017422,
        "right_ball_girth": 0.18797341,
        "right_bauer_fit": 0.38259324,
        "right_forefoot_height": 0.026424177,
        "right_heel_to_ball": 0.15928169,
        "right_heel_width": 0.0530376,
        "right_height_80": 0.026424177,
        "right_height_90": 0.02087184,
        "right_instep_girth": 0.1931828,
        "right_instep_height": 0.049244851,
        "right_lateral_half_width": 0.043967187,
        "right_lateral_half_width_44": 0.034931477,
        "right_lateral_half_width_50": 0.038102765,
        "right_lateral_half_width_58": 0.041310538,
        "right_lateral_half_width_66": 0.043938447,
        "right_lateral_half_width_74": 0.042582735,
        "right_lateral_half_width_82": 0.036678918,
        "right_lateral_half_width_90": 0.025528844,
        "right_length": 0.200094,
        "right_medial_half_width": 0.033018585,
        "right_medial_half_width_44": 0.032367527,
        "right_medial_half_width_50": 0.031114824,
        "right_medial_half_width_58": 0.029502332,
        "right_medial_half_width_66": 0.029277824,
        "right_medial_half_width_74": 0.030832309,
        "right_medial_half_width_82": 0.033055864,
        "right_medial_half_width_90": 0.0322806,
        "right_plastic_height": 0.15237559,
        "right_short_heel_girth": 0.25640118,
        "right_waist_girth": 0.19680822,
        "right_waist_lateral_half_width": 0.033178873,
        "right_width": 0.076985776
    },
    "size_gender": null
}