{
    "measurements": {
        "left_ankle_wrap": 0.23090813,
        "left_arch_height": 0.012165403,
        "left_back_arch_gap_90": 0.011761795,
        "left_ball_girth": 0.21931215,
        "left_bauer_fit": 0.42852384,
        "left_forefoot_height": 0.02935753,
        "left_heel_to_ball": 0.16490951,
        "left_heel_width": 0.058458842,
        "left_height_80": 0.02935753,
        "left_height_90": 0.02237054,
        "left_instep_girth": 0.22255754,
        "left_instep_height": 0.057345465,
        "left_lateral_half_width": 0.051505987,
        "left_lateral_half_width_44": 0.042813614,
        "left_lateral_half_width_50": 0.046294395,
        "left_lateral_half_width_58": 0.05071272,
        "left_lateral_half_width_66": 0.050794106,
        "left_lateral_half_width_74": 0.049747169,
        "left_lateral_half_width_82": 0.044717457,
        "left_lateral_half_width_90": 0.033096664,
        "left_length": 0.23423089,
        "left_medial_half_width": 0.0342165,
        "left_medial_half_width_44": 0.032689974,
        "left_medial_half_width_50": 0.031920705,
        "left_medial_half_width_58": 0.031960584,
        "left_medial_half_width_66": 0.03383651,
        "left_medial_half_width_74": 0.0341185,
        "left_medial_half_width_82": 0.033581786,
        "left_medial_half_width_90": 0.029641446,
        "left_plastic_height": 0.15325917,
        "left_short_heel_girth": 0.293053,
        "left_waist_girth": 0.22446686,
        "left_waist_lateral_half_width": 0.040981121,
        "left_width": 0.085722491,
        "right_ankle_wrap": 0.22160856,
        "right_arch_height": 0.014119409,
        "right_back_arch_gap_90": 0.01025243,
        "right_ball_girth": 0.22134234,
        "right_bauer_fit": 0.43781275,
        "right_forefoot_height": 0.027368851,
        "right_heel_to_ball": 0.16783985,
        "right_heel_width": 0.05734529,
        "right_height_80": 0.027368851,
        "right_height_90": 0.020440642,
        "right_instep_girth": 0.22299676,
        "right_instep_height": 0.055504914,
        "right_lateral_half_width": 0.052126307,
        "right_lateral_half_width_44": 0.045237526,
        "right_lateral_half_width_50": 0.047914464,
        "right_lateral_half_width_58": 0.0513082,
        "right_lateral_half_width_66": 0.051785767,
        "right_lateral_half_width_74": 0.050108302,
        "right_lateral_half_width_82": 0.04460958,
        "right_lateral_half_width_90": 0.031160245,
        "right_length": 0.23012859,
        "right_medial_half_width": 0.036166493,
        "right_medial_half_width_44": 0.032326594,
        "right_medial_half_width_50": 0.032608766,
        "right_medial_half_width_58": 0.033043168,
        "right_medial_half_width_66": 0.034499153,
        "right_medial_half_width_74": 0.036127161,
        "right_medial_half_width_82": 0.034629554,
        "right_medial_half_width_90": 0.029879352,
        "right_plastic_height": 0.15221521,
        "right_short_heel_girth": 0.28609252,
        "right_waist_girth": 0.22514296,
        "right_waist_lateral_half_width": 0.043248247,
        "right_width": 0.0882928
    },
    "size_gender": "female"
}