{
    "measurements": {
        "left_ankle_wrap": 0.22697622,
        "left_arch_height": 0.013985145,
        "left_back_arch_gap_90": 0.0097189071,
        "left_ball_girth": 0.25198582,
        "left_bauer_fit": 0.50274879,
        "left_forefoot_height": 0.03467473,
        "left_heel_to_ball": 0.19657537,
        "left_heel_width": 0.066861764,
        "left_height_80": 0.03467473,
        "left_height_90": 0.026091564,
        "left_instep_girth": 0.25391358,
        "left_instep_height": 0.063022733,
        "left_lateral_half_width": 0.060054425,
        "left_lateral_half_width_44": 0.048195623,
        "left_lateral_half_width_50": 0.053750552,
        "left_lateral_half_width_58": 0.058528714,
        "left_lateral_half_width_66": 0.059338294,
        "left_lateral_half_width_74": 0.058024887,
        "left_lateral_half_width_82": 0.049163982,
        "left_lateral_half_width_90": 0.041272808,
        "left_length": 0.26617283,
        "left_medial_half_width": 0.041498933,
        "left_medial_half_width_44": 0.039073952,
        "left_medial_half_width_50": 0.03774903,
        "left_medial_half_width_58": 0.037699953,
        "left_medial_half_width_66": 0.039552469,
        "left_medial_half_width_74": 0.041469835,
        "left_medial_half_width_82": 0.036601022,
        "left_medial_half_width_90": 0.032319065,
        "left_plastic_height": 0.15261598,
        "left_short_heel_girth": 0.33038959,
        "left_waist_girth": 0.25150353,
        "left_waist_lateral_half_width": 0.045413923,
        "left_width": 0.10155336,
        "right_ankle_wrap": 0.22819521,
        "right_arch_height": 0.013542979,
        "right_back_arch_gap_90": 0.0085132318,
        "right_ball_girth": 0.25020915,
        "right_bauer_fit": 0.50149608,
        "right_forefoot_height": 0.032342639,
        "right_heel_to_ball": 0.19162524,
        "right_heel_width": 0.067402661,
        "right_height_80": 0.032342639,
        "right_height_90": 0.02465046,
        "right_instep_girth": 0.25535259,
        "right_instep_height": 0.061068133,
        "right_lateral_half_width": 0.06017996,
        "right_lateral_half_width_44": 0.050213132,
        "right_lateral_half_width_50": 0.055662774,
        "right_lateral_half_width_58": 0.05985605,
        "right_lateral_half_width_66": 0.059210137,
        "right_lateral_half_width_74": 0.056913875,
        "right_lateral_half_width_82": 0.048652858,
        "right_lateral_half_width_90": 0.035919696,
        "right_length": 0.26343635,
        "right_medial_half_width": 0.041535497,
        "right_medial_half_width_44": 0.038946223,
        "right_medial_half_width_50": 0.036990687,
        "right_medial_half_width_58": 0.037327252,
        "right_medial_half_width_66": 0.039467465,
        "right_medial_half_width_74": 0.0413135,
        "right_medial_half_width_82": 0.037362497,
        "right_medial_half_width_90": 0.035473917,
        "right_plastic_height": 0.15256193,
        "right_short_heel_girth": 0.33412996,
        "right_waist_girth": 0.254029,
        "right_waist_lateral_half_width": 0.047712952,
        "right_width": 0.10171546
    },
    "size_gender": "male"
}