{
    "measurements": {
        "left_ankle_wrap": 0.22691026,
        "left_arch_height": 0.0173619,
        "left_back_arch_gap_90": 0.012164643,
        "left_ball_girth": 0.26643881,
        "left_bauer_fit": 0.52849746,
        "left_forefoot_height": 0.039694361,
        "left_heel_to_ball": 0.19491172,
        "left_heel_width": 0.064994738,
        "left_height_80": 0.039694361,
        "left_height_90": 0.029476028,
        "left_instep_girth": 0.25762352,
        "left_instep_height": 0.0705356,
        "left_lateral_half_width": 0.062759578,
        "left_lateral_half_width_44": 0.053413946,
        "left_lateral_half_width_50": 0.055157773,
        "left_lateral_half_width_58": 0.059377838,
        "left_lateral_half_width_66": 0.062725157,
        "left_lateral_half_width_74": 0.059460144,
        "left_lateral_half_width_82": 0.053928375,
        "left_lateral_half_width_90": 0.039487597,
        "left_length": 0.27192062,
        "left_medial_half_width": 0.04300528,
        "left_medial_half_width_44": 0.028967131,
        "left_medial_half_width_50": 0.03109769,
        "left_medial_half_width_58": 0.035116412,
        "left_medial_half_width_66": 0.041810945,
        "left_medial_half_width_74": 0.04261351,
        "left_medial_half_width_82": 0.035774138,
        "left_medial_half_width_90": 0.030336374,
        "left_plastic_height": 0.15221338,
        "left_short_heel_girth": 0.34948722,
        "left_waist_girth": 0.25885496,
        "left_waist_lateral_half_width": 0.052283391,
        "left_width": 0.10576486,
        "right_ankle_wrap": 0.22789454,
        "right_arch_height": 0.017777817,
        "right_back_arch_gap_90": 0.01371016,
        "right_ball_girth": 0.25438377,
        "right_bauer_fit": 0.51704514,
        "right_forefoot_height": 0.032807924,
        "right_heel_to_ball": 0.18949379,
        "right_heel_width": 0.069376811,
        "right_height_80": 0.032807924,
        "right_height_90": 0.026671408,
        "right_instep_girth": 0.25497621,
        "right_instep_height": 0.06498345,
        "right_lateral_half_width": 0.063360296,
        "right_lateral_half_width_44": 0.053853527,
        "right_lateral_half_width_50": 0.057114076,
        "right_lateral_half_width_58": 0.060444292,
        "right_lateral_half_width_66": 0.060971413,
        "right_lateral_half_width_74": 0.063145094,
        "right_lateral_half_width_82": 0.059135552,
        "right_lateral_half_width_90": 0.049795561,
        "right_length": 0.27658272,
        "right_medial_half_width": 0.041041948,
        "right_medial_half_width_44": 0.033038992,
        "right_medial_half_width_50": 0.032712437,
        "right_medial_half_width_58": 0.035781559,
        "right_medial_half_width_66": 0.040644668,
        "right_medial_half_width_74": 0.040088579,
        "right_medial_half_width_82": 0.037809227,
        "right_medial_half_width_90": 0.03734199,
        "right_plastic_height": 0.15303487,
        "right_short_heel_girth": 0.35025376,
        "right_waist_girth": 0.25765327,
        "right_waist_lateral_half_width": 0.052151237,
        "right_width": 0.10440224
    },
    "size_gender": "male"
}