{
    "measurements": {
        "left_ankle_wrap": 0.25380036,
        "left_arch_height": 0.011234043,
        "left_back_arch_gap_90": 0.017446557,
        "left_ball_girth": 0.24857868,
        "left_bauer_fit": 0.48689312,
        "left_forefoot_height": 0.031293146,
        "left_heel_to_ball": 0.19680655,
        "left_heel_width": 0.0654465,
        "left_height_80": 0.031293146,
        "left_height_90": 0.025401104,
        "left_instep_girth": 0.24214302,
        "left_instep_height": 0.055061202,
        "left_lateral_half_width": 0.05880747,
        "left_lateral_half_width_44": 0.051202007,
        "left_lateral_half_width_50": 0.053793449,
        "left_lateral_half_width_58": 0.057949286,
        "left_lateral_half_width_66": 0.058761854,
        "left_lateral_half_width_74": 0.057390772,
        "left_lateral_half_width_82": 0.04645174,
        "left_lateral_half_width_90": 0.038041689,
        "left_length": 0.26814845,
        "left_medial_half_width": 0.040922765,
        "left_medial_half_width_44": 0.036082175,
        "left_medial_half_width_50": 0.034425508,
        "left_medial_half_width_58": 0.036833823,
        "left_medial_half_width_66": 0.039176311,
        "left_medial_half_width_74": 0.040916994,
        "left_medial_half_width_82": 0.041618366,
        "left_medial_half_width_90": 0.043076236,
        "left_plastic_height": 0.098727092,
        "left_short_heel_girth": 0.34058228,
        "left_waist_girth": 0.24811542,
        "left_waist_lateral_half_width": 0.049323291,
        "left_width": 0.099730238,
        "right_ankle_wrap": 0.25288072,
        "right_arch_height": 0.010876757,
        "right_back_arch_gap_90": 0.017376913,
        "right_ball_girth": 0.24892029,
        "right_bauer_fit": 0.49065349,
        "right_forefoot_height": 0.030200649,
        "right_heel_to_ball": 0.2023854,
        "right_heel_width": 0.066473022,
        "right_height_80": 0.030200649,
        "right_height_90": 0.024893919,
        "right_instep_girth": 0.23943578,
        "right_instep_height": 0.0527578,
        "right_lateral_half_width": 0.059298623,
        "right_lateral_half_width_44": 0.05245626,
        "right_lateral_half_width_50": 0.055362698,
        "right_lateral_half_width_58": 0.058655664,
        "right_lateral_half_width_66": 0.0591544,
        "right_lateral_half_width_74": 0.058134057,
        "right_lateral_half_width_82": 0.047361523,
        "right_lateral_half_width_90": 0.038509019,
        "right_length": 0.26919615,
        "right_medial_half_width": 0.041832019,
        "right_medial_half_width_44": 0.03631945,
        "right_medial_half_width_50": 0.035538457,
        "right_medial_half_width_58": 0.035613853,
        "right_medial_half_width_66": 0.039435036,
        "right_medial_half_width_74": 0.041691411,
        "right_medial_half_width_82": 0.040732849,
        "right_medial_half_width_90": 0.041623283,
        "right_plastic_height": 0.10870793,
        "right_short_heel_girth": 0.33877441,
        "right_waist_girth": 0.24893354,
        "right_waist_lateral_half_width": 0.050350253,
        "right_width": 0.10113064
    },
    "size_gender": "male"
}