{
    "measurements": {
        "left_ankle_wrap": 0.27265972,
        "left_arch_height": 0.016107857,
        "left_back_arch_gap_90": 0.0056801974,
        "left_ball_girth": 0.24980389,
        "left_bauer_fit": 0.49216691,
        "left_forefoot_height": 0.036089938,
        "left_heel_to_ball": 0.18464279,
        "left_heel_width": 0.062158514,
        "left_height_80": 0.036089938,
        "left_height_90": 0.027795227,
        "left_instep_girth": 0.24947822,
        "left_instep_height": 0.067767665,
        "left_lateral_half_width": 0.058397789,
        "left_lateral_half_width_44": 0.045519702,
        "left_lateral_half_width_50": 0.049216263,
        "left_lateral_half_width_58": 0.054755241,
        "left_lateral_half_width_66": 0.057330925,
        "left_lateral_half_width_74": 0.05832633,
        "left_lateral_half_width_82": 0.051686868,
        "left_lateral_half_width_90": 0.03436821,
        "left_length": 0.23721677,
        "left_medial_half_width": 0.0396159,
        "left_medial_half_width_44": 0.033426758,
        "left_medial_half_width_50": 0.034156926,
        "left_medial_half_width_58": 0.035226159,
        "left_medial_half_width_66": 0.038210772,
        "left_medial_half_width_74": 0.039382175,
        "left_medial_half_width_82": 0.038754027,
        "left_medial_half_width_90": 0.036267169,
        "left_plastic_height": 0.15300365,
        "left_short_heel_girth": 0.32338792,
        "left_waist_girth": 0.24575639,
        "left_waist_lateral_half_width": 0.042847097,
        "left_width": 0.098013684,
        "right_ankle_wrap": 0.24599355,
        "right_arch_height": 0.013648635,
        "right_back_arch_gap_90": 0.0090588145,
        "right_ball_girth": 0.25328723,
        "right_bauer_fit": 0.49355257,
        "right_forefoot_height": 0.033985265,
        "right_heel_to_ball": 0.18216605,
        "right_heel_width": 0.064388342,
        "right_height_80": 0.033985265,
        "right_height_90": 0.027277773,
        "right_instep_girth": 0.24948908,
        "right_instep_height": 0.061807118,
        "right_lateral_half_width": 0.059056781,
        "right_lateral_half_width_44": 0.046969879,
        "right_lateral_half_width_50": 0.0509793,
        "right_lateral_half_width_58": 0.057025164,
        "right_lateral_half_width_66": 0.058613651,
        "right_lateral_half_width_74": 0.058696676,
        "right_lateral_half_width_82": 0.052227661,
        "right_lateral_half_width_90": 0.033961836,
        "right_length": 0.24126954,
        "right_medial_half_width": 0.040653482,
        "right_medial_half_width_44": 0.037392955,
        "right_medial_half_width_50": 0.037796445,
        "right_medial_half_width_58": 0.038201407,
        "right_medial_half_width_66": 0.039066091,
        "right_medial_half_width_74": 0.040646337,
        "right_medial_half_width_82": 0.0381358,
        "right_medial_half_width_90": 0.035156578,
        "right_plastic_height": 0.15211229,
        "right_short_heel_girth": 0.32276013,
        "right_waist_girth": 0.24710126,
        "right_waist_lateral_half_width": 0.04443593,
        "right_width": 0.099710263
    },
    "size_gender": null
}