{
    "measurements": {
        "left_ankle_wrap": 0.22343336,
        "left_arch_height": 0.01194016,
        "left_back_arch_gap_90": 0.010933069,
        "left_ball_girth": 0.22865541,
        "left_bauer_fit": 0.44643089,
        "left_forefoot_height": 0.031817805,
        "left_heel_to_ball": 0.14976813,
        "left_heel_width": 0.06271369,
        "left_height_80": 0.031817805,
        "left_height_90": 0.024830718,
        "left_instep_girth": 0.23498218,
        "left_instep_height": 0.056647841,
        "left_lateral_half_width": 0.054032862,
        "left_lateral_half_width_44": 0.043273482,
        "left_lateral_half_width_50": 0.048012905,
        "left_lateral_half_width_58": 0.052846331,
        "left_lateral_half_width_66": 0.054001309,
        "left_lateral_half_width_74": 0.05279142,
        "left_lateral_half_width_82": 0.047610842,
        "left_lateral_half_width_90": 0.038185097,
        "left_length": 0.22794816,
        "left_medial_half_width": 0.035986319,
        "left_medial_half_width_44": 0.038544346,
        "left_medial_half_width_50": 0.037508525,
        "left_medial_half_width_58": 0.036725253,
        "left_medial_half_width_66": 0.0359579,
        "left_medial_half_width_74": 0.03462499,
        "left_medial_half_width_82": 0.033064164,
        "left_medial_half_width_90": 0.028347699,
        "left_plastic_height": 0.15162055,
        "left_short_heel_girth": 0.30412182,
        "left_waist_girth": 0.23416902,
        "left_waist_lateral_half_width": 0.041158002,
        "left_width": 0.090019181,
        "right_ankle_wrap": 0.21446893,
        "right_arch_height": 0.012859502,
        "right_back_arch_gap_90": 0.0098657347,
        "right_ball_girth": 0.22718783,
        "right_bauer_fit": 0.44213864,
        "right_forefoot_height": 0.03126397,
        "right_heel_to_ball": 0.15011235,
        "right_heel_width": 0.061805926,
        "right_height_80": 0.03126397,
        "right_height_90": 0.023327637,
        "right_instep_girth": 0.23143384,
        "right_instep_height": 0.053867131,
        "right_lateral_half_width": 0.053910144,
        "right_lateral_half_width_44": 0.043697681,
        "right_lateral_half_width_50": 0.048530683,
        "right_lateral_half_width_58": 0.053329103,
        "right_lateral_half_width_66": 0.053534456,
        "right_lateral_half_width_74": 0.05378807,
        "right_lateral_half_width_82": 0.047179207,
        "right_lateral_half_width_90": 0.036533248,
        "right_length": 0.23025864,
        "right_medial_half_width": 0.035759956,
        "right_medial_half_width_44": 0.040958002,
        "right_medial_half_width_50": 0.03915422,
        "right_medial_half_width_58": 0.036569417,
        "right_medial_half_width_66": 0.035679422,
        "right_medial_half_width_74": 0.035241626,
        "right_medial_half_width_82": 0.033514425,
        "right_medial_half_width_90": 0.030916531,
        "right_plastic_height": 0.1528628,
        "right_short_heel_girth": 0.30520344,
        "right_waist_girth": 0.23206614,
        "right_waist_lateral_half_width": 0.041203037,
        "right_width": 0.0896701
    },
    "size_gender": null
}