{
    "measurements": {
        "left_ankle_wrap": 0.20358308,
        "left_arch_height": 0.0076059951,
        "left_back_arch_gap_90": 0.010860846,
        "left_ball_girth": 0.20900163,
        "left_bauer_fit": 0.40469888,
        "left_forefoot_height": 0.02835506,
        "left_heel_to_ball": 0.15863115,
        "left_heel_width": 0.054331616,
        "left_height_80": 0.02835506,
        "left_height_90": 0.021206681,
        "left_instep_girth": 0.20610705,
        "left_instep_height": 0.049708895,
        "left_lateral_half_width": 0.048454817,
        "left_lateral_half_width_44": 0.039041426,
        "left_lateral_half_width_50": 0.042743187,
        "left_lateral_half_width_58": 0.046361934,
        "left_lateral_half_width_66": 0.048402343,
        "left_lateral_half_width_74": 0.048287477,
        "left_lateral_half_width_82": 0.042041127,
        "left_lateral_half_width_90": 0.030730342,
        "left_length": 0.21595858,
        "left_medial_half_width": 0.033529017,
        "left_medial_half_width_44": 0.03185273,
        "left_medial_half_width_50": 0.031543605,
        "left_medial_half_width_58": 0.030974425,
        "left_medial_half_width_66": 0.032261573,
        "left_medial_half_width_74": 0.033511408,
        "left_medial_half_width_82": 0.03202739,
        "left_medial_half_width_90": 0.030883303,
        "left_plastic_height": 0.15179366,
        "left_short_heel_girth": 0.27672884,
        "left_waist_girth": 0.20876509,
        "left_waist_lateral_half_width": 0.037414081,
        "left_width": 0.081983835,
        "right_ankle_wrap": 0.20619898,
        "right_arch_height": 0.0060927016,
        "right_back_arch_gap_90": 0.0104854,
        "right_ball_girth": 0.20745678,
        "right_bauer_fit": 0.41268584,
        "right_forefoot_height": 0.026600119,
        "right_heel_to_ball": 0.16028234,
        "right_heel_width": 0.05451002,
        "right_height_80": 0.026600119,
        "right_height_90": 0.020610239,
        "right_instep_girth": 0.20623146,
        "right_instep_height": 0.047564734,
        "right_lateral_half_width": 0.049884815,
        "right_lateral_half_width_44": 0.038795702,
        "right_lateral_half_width_50": 0.042235427,
        "right_lateral_half_width_58": 0.046632133,
        "right_lateral_half_width_66": 0.048387531,
        "right_lateral_half_width_74": 0.04984254,
        "right_lateral_half_width_82": 0.045612574,
        "right_lateral_half_width_90": 0.037024349,
        "right_length": 0.21490686,
        "right_medial_half_width": 0.03443877,
        "right_medial_half_width_44": 0.033757776,
        "right_medial_half_width_50": 0.03301885,
        "right_medial_half_width_58": 0.031972367,
        "right_medial_half_width_66": 0.032246836,
        "right_medial_half_width_74": 0.034376312,
        "right_medial_half_width_82": 0.031648044,
        "right_medial_half_width_90": 0.029940642,
        "right_plastic_height": 0.15218295,
        "right_short_heel_girth": 0.27294886,
        "right_waist_girth": 0.21000211,
        "right_waist_lateral_half_width": 0.037260842,
        "right_width": 0.084323585
    },
    "size_gender": null
}