{
    "measurements": {
        "left_ankle_wrap": 0.22277477,
        "left_arch_height": 0.035560925,
        "left_back_arch_gap_90": 0.014379575,
        "left_ball_girth": 0.27131069,
        "left_bauer_fit": 0.48924968,
        "left_forefoot_height": 0.049248494,
        "left_heel_to_ball": 0.1856138,
        "left_heel_width": 0.068491265,
        "left_height_80": 0.049248494,
        "left_height_90": 0.042509146,
        "left_instep_girth": 0.26983771,
        "left_instep_height": 0.082075819,
        "left_lateral_half_width": 0.054942913,
        "left_lateral_half_width_44": 0.048674788,
        "left_lateral_half_width_50": 0.052305587,
        "left_lateral_half_width_58": 0.054487724,
        "left_lateral_half_width_66": 0.054364048,
        "left_lateral_half_width_74": 0.052081916,
        "left_lateral_half_width_82": 0.045788731,
        "left_lateral_half_width_90": 0.034765761,
        "left_length": 0.25595638,
        "left_medial_half_width": 0.039092626,
        "left_medial_half_width_44": 0.03946124,
        "left_medial_half_width_50": 0.033354819,
        "left_medial_half_width_58": 0.03402165,
        "left_medial_half_width_66": 0.0363273,
        "left_medial_half_width_74": 0.038972218,
        "left_medial_half_width_82": 0.03871613,
        "left_medial_half_width_90": 0.034101844,
        "left_plastic_height": 0.15317348,
        "left_short_heel_girth": 0.38557425,
        "left_waist_girth": 0.27267876,
        "left_waist_lateral_half_width": 0.047202587,
        "left_width": 0.094035536,
        "right_ankle_wrap": 0.22956808,
        "right_arch_height": 0.032442164,
        "right_back_arch_gap_90": 0.011678077,
        "right_ball_girth": 0.26588643,
        "right_bauer_fit": 0.49069503,
        "right_forefoot_height": 0.046180226,
        "right_heel_to_ball": 0.17997266,
        "right_heel_width": 0.067487977,
        "right_height_80": 0.046180226,
        "right_height_90": 0.040553782,
        "right_instep_girth": 0.27685118,
        "right_instep_height": 0.080933921,
        "right_lateral_half_width": 0.056254759,
        "right_lateral_half_width_44": 0.05064813,
        "right_lateral_half_width_50": 0.05329724,
        "right_lateral_half_width_58": 0.055527281,
        "right_lateral_half_width_66": 0.055533759,
        "right_lateral_half_width_74": 0.05204558,
        "right_lateral_half_width_82": 0.045662973,
        "right_lateral_half_width_90": 0.036148809,
        "right_length": 0.25364828,
        "right_medial_half_width": 0.038378291,
        "right_medial_half_width_44": 0.036587115,
        "right_medial_half_width_50": 0.032524772,
        "right_medial_half_width_58": 0.033198688,
        "right_medial_half_width_66": 0.037016988,
        "right_medial_half_width_74": 0.037940092,
        "right_medial_half_width_82": 0.035882987,
        "right_medial_half_width_90": 0.03148149,
        "right_plastic_height": 0.15331122,
        "right_short_heel_girth": 0.37098885,
        "right_waist_girth": 0.28068322,
        "right_waist_lateral_half_width": 0.049111947,
        "right_width": 0.09463305
    },
    "size_gender": null
}