{
    "measurements": {
        "left_ankle_wrap": 0.23160326,
        "left_arch_height": 0.01980778,
        "left_back_arch_gap_90": 0.0065543037,
        "left_ball_girth": 0.24517654,
        "left_bauer_fit": 0.49110177,
        "left_forefoot_height": 0.036692016,
        "left_heel_to_ball": 0.22014013,
        "left_heel_width": 0.064320073,
        "left_height_80": 0.036692016,
        "left_height_90": 0.028659064,
        "left_instep_girth": 0.25595692,
        "left_instep_height": 0.0704047,
        "left_lateral_half_width": 0.05584912,
        "left_lateral_half_width_44": 0.048725452,
        "left_lateral_half_width_50": 0.051821638,
        "left_lateral_half_width_58": 0.055381957,
        "left_lateral_half_width_66": 0.055320915,
        "left_lateral_half_width_74": 0.053114392,
        "left_lateral_half_width_82": 0.042349312,
        "left_lateral_half_width_90": 0.027218979,
        "left_length": 0.27530414,
        "left_medial_half_width": 0.041309558,
        "left_medial_half_width_44": 0.033925917,
        "left_medial_half_width_50": 0.034917332,
        "left_medial_half_width_58": 0.035959184,
        "left_medial_half_width_66": 0.036863059,
        "left_medial_half_width_74": 0.038604189,
        "left_medial_half_width_82": 0.042826407,
        "left_medial_half_width_90": 0.046431944,
        "left_plastic_height": 0.15155457,
        "left_short_heel_girth": 0.33735126,
        "left_waist_girth": 0.25347754,
        "left_waist_lateral_half_width": 0.046725783,
        "left_width": 0.097158678,
        "right_ankle_wrap": 0.22707675,
        "right_arch_height": 0.016967859,
        "right_back_arch_gap_90": 0.011900731,
        "right_ball_girth": 0.24715218,
        "right_bauer_fit": 0.49805015,
        "right_forefoot_height": 0.034162,
        "right_heel_to_ball": 0.21992856,
        "right_heel_width": 0.068151824,
        "right_height_80": 0.034162,
        "right_height_90": 0.027728047,
        "right_instep_girth": 0.25931516,
        "right_instep_height": 0.06600672,
        "right_lateral_half_width": 0.059398539,
        "right_lateral_half_width_44": 0.04859348,
        "right_lateral_half_width_50": 0.052867584,
        "right_lateral_half_width_58": 0.058974221,
        "right_lateral_half_width_66": 0.057364918,
        "right_lateral_half_width_74": 0.053455126,
        "right_lateral_half_width_82": 0.0437836,
        "right_lateral_half_width_90": 0.032568846,
        "right_length": 0.27676785,
        "right_medial_half_width": 0.040380541,
        "right_medial_half_width_44": 0.039502349,
        "right_medial_half_width_50": 0.038733888,
        "right_medial_half_width_58": 0.037867483,
        "right_medial_half_width_66": 0.038228415,
        "right_medial_half_width_74": 0.039067797,
        "right_medial_half_width_82": 0.041252952,
        "right_medial_half_width_90": 0.040583622,
        "right_plastic_height": 0.15238036,
        "right_short_heel_girth": 0.34202668,
        "right_waist_girth": 0.2578823,
        "right_waist_lateral_half_width": 0.046739578,
        "right_width": 0.099779084
    },
    "size_gender": "male"
}