{
    "measurements": {
        "left_ankle_wrap": 0.19699305,
        "left_arch_height": 0.01131186,
        "left_back_arch_gap_90": 0.0051697888,
        "left_ball_girth": 0.19924259,
        "left_bauer_fit": 0.39022261,
        "left_forefoot_height": 0.027929856,
        "left_heel_to_ball": 0.1418369,
        "left_heel_width": 0.053502314,
        "left_height_80": 0.027929856,
        "left_height_90": 0.021618038,
        "left_instep_girth": 0.19967934,
        "left_instep_height": 0.050982058,
        "left_lateral_half_width": 0.046827827,
        "left_lateral_half_width_44": 0.038057271,
        "left_lateral_half_width_50": 0.042017866,
        "left_lateral_half_width_58": 0.045432724,
        "left_lateral_half_width_66": 0.046826325,
        "left_lateral_half_width_74": 0.045075662,
        "left_lateral_half_width_82": 0.039761994,
        "left_lateral_half_width_90": 0.027895005,
        "left_length": 0.20631298,
        "left_medial_half_width": 0.031518724,
        "left_medial_half_width_44": 0.029042892,
        "left_medial_half_width_50": 0.027999019,
        "left_medial_half_width_58": 0.028928969,
        "left_medial_half_width_66": 0.031201463,
        "left_medial_half_width_74": 0.031156106,
        "left_medial_half_width_82": 0.029399378,
        "left_medial_half_width_90": 0.026403798,
        "left_plastic_height": 0.15081885,
        "left_short_heel_girth": 0.26666966,
        "left_waist_girth": 0.19868295,
        "left_waist_lateral_half_width": 0.036214381,
        "left_width": 0.07834655,
        "right_ankle_wrap": 0.19383927,
        "right_arch_height": 0.01081277,
        "right_back_arch_gap_90": 0.0064268159,
        "right_ball_girth": 0.20487788,
        "right_bauer_fit": 0.4008761,
        "right_forefoot_height": 0.027236145,
        "right_heel_to_ball": 0.14891748,
        "right_heel_width": 0.053227205,
        "right_height_80": 0.027236145,
        "right_height_90": 0.020888949,
        "right_instep_girth": 0.20332007,
        "right_instep_height": 0.049853887,
        "right_lateral_half_width": 0.047571935,
        "right_lateral_half_width_44": 0.038066141,
        "right_lateral_half_width_50": 0.042514119,
        "right_lateral_half_width_58": 0.046982527,
        "right_lateral_half_width_66": 0.047044553,
        "right_lateral_half_width_74": 0.045956746,
        "right_lateral_half_width_82": 0.037791565,
        "right_lateral_half_width_90": 0.026176916,
        "right_length": 0.20493822,
        "right_medial_half_width": 0.033495557,
        "right_medial_half_width_44": 0.030534947,
        "right_medial_half_width_50": 0.029733289,
        "right_medial_half_width_58": 0.030014161,
        "right_medial_half_width_66": 0.031361654,
        "right_medial_half_width_74": 0.033370141,
        "right_medial_half_width_82": 0.030043058,
        "right_medial_half_width_90": 0.028008318,
        "right_plastic_height": 0.15176523,
        "right_short_heel_girth": 0.26375166,
        "right_waist_girth": 0.20122112,
        "right_waist_lateral_half_width": 0.036008917,
        "right_width": 0.081067488
    },
    "size_gender": "female"
}