{
    "measurements": {
        "left_ankle_wrap": 0.22499306,
        "left_arch_height": 0.01100151,
        "left_back_arch_gap_90": 0.010604785,
        "left_ball_girth": 0.24823442,
        "left_bauer_fit": 0.49446771,
        "left_forefoot_height": 0.031735118,
        "left_heel_to_ball": 0.17860806,
        "left_heel_width": 0.064027935,
        "left_height_80": 0.031735118,
        "left_height_90": 0.024838179,
        "left_instep_girth": 0.2509307,
        "left_instep_height": 0.062607639,
        "left_lateral_half_width": 0.058775388,
        "left_lateral_half_width_44": 0.050329152,
        "left_lateral_half_width_50": 0.054300752,
        "left_lateral_half_width_58": 0.058000438,
        "left_lateral_half_width_66": 0.058374461,
        "left_lateral_half_width_74": 0.056539278,
        "left_lateral_half_width_82": 0.047706719,
        "left_lateral_half_width_90": 0.033042435,
        "left_length": 0.25115889,
        "left_medial_half_width": 0.040961344,
        "left_medial_half_width_44": 0.034473471,
        "left_medial_half_width_50": 0.0343087,
        "left_medial_half_width_58": 0.036319,
        "left_medial_half_width_66": 0.038906038,
        "left_medial_half_width_74": 0.040450197,
        "left_medial_half_width_82": 0.039795615,
        "left_medial_half_width_90": 0.039418858,
        "left_plastic_height": 0.1515152,
        "left_short_heel_girth": 0.32656386,
        "left_waist_girth": 0.2500082,
        "left_waist_lateral_half_width": 0.047855318,
        "left_width": 0.099736735,
        "right_ankle_wrap": 0.22142887,
        "right_arch_height": 0.013190847,
        "right_back_arch_gap_90": 0.00976632,
        "right_ball_girth": 0.25045228,
        "right_bauer_fit": 0.49785751,
        "right_forefoot_height": 0.031261005,
        "right_heel_to_ball": 0.18477309,
        "right_heel_width": 0.062233366,
        "right_height_80": 0.031261005,
        "right_height_90": 0.025083987,
        "right_instep_girth": 0.25072268,
        "right_instep_height": 0.060624022,
        "right_lateral_half_width": 0.059564,
        "right_lateral_half_width_44": 0.0527501,
        "right_lateral_half_width_50": 0.056828294,
        "right_lateral_half_width_58": 0.059557512,
        "right_lateral_half_width_66": 0.059108503,
        "right_lateral_half_width_74": 0.058430288,
        "right_lateral_half_width_82": 0.048379689,
        "right_lateral_half_width_90": 0.035267446,
        "right_length": 0.2481295,
        "right_medial_half_width": 0.04141371,
        "right_medial_half_width_44": 0.035347216,
        "right_medial_half_width_50": 0.035414234,
        "right_medial_half_width_58": 0.03690825,
        "right_medial_half_width_66": 0.039397191,
        "right_medial_half_width_74": 0.041400313,
        "right_medial_half_width_82": 0.039646517,
        "right_medial_half_width_90": 0.038389463,
        "right_plastic_height": 0.15377581,
        "right_short_heel_girth": 0.31959632,
        "right_waist_girth": 0.24998902,
        "right_waist_lateral_half_width": 0.050293043,
        "right_width": 0.10097771
    },
    "size_gender": null
}