{
    "measurements": {
        "left_ankle_wrap": 0.23478766,
        "left_arch_height": 0.015484552,
        "left_back_arch_gap_90": 0.010081837,
        "left_ball_girth": 0.22141322,
        "left_bauer_fit": 0.43026954,
        "left_forefoot_height": 0.031978007,
        "left_heel_to_ball": 0.17392515,
        "left_heel_width": 0.057715297,
        "left_height_80": 0.031978007,
        "left_height_90": 0.022648918,
        "left_instep_girth": 0.22653033,
        "left_instep_height": 0.059793297,
        "left_lateral_half_width": 0.050994109,
        "left_lateral_half_width_44": 0.043318134,
        "left_lateral_half_width_50": 0.046735104,
        "left_lateral_half_width_58": 0.050576914,
        "left_lateral_half_width_66": 0.050686233,
        "left_lateral_half_width_74": 0.04950314,
        "left_lateral_half_width_82": 0.042926993,
        "left_lateral_half_width_90": 0.030217782,
        "left_length": 0.23417105,
        "left_medial_half_width": 0.034566231,
        "left_medial_half_width_44": 0.031869017,
        "left_medial_half_width_50": 0.031781081,
        "left_medial_half_width_58": 0.032380052,
        "left_medial_half_width_66": 0.033762924,
        "left_medial_half_width_74": 0.034562416,
        "left_medial_half_width_82": 0.032525096,
        "left_medial_half_width_90": 0.030212224,
        "left_plastic_height": 0.15187971,
        "left_short_heel_girth": 0.29649904,
        "left_waist_girth": 0.22608553,
        "left_waist_lateral_half_width": 0.041356336,
        "left_width": 0.085560337,
        "right_ankle_wrap": 0.20837429,
        "right_arch_height": 0.013494588,
        "right_back_arch_gap_90": 0.01147672,
        "right_ball_girth": 0.21934453,
        "right_bauer_fit": 0.43128192,
        "right_forefoot_height": 0.027234595,
        "right_heel_to_ball": 0.16769212,
        "right_heel_width": 0.057649188,
        "right_height_80": 0.027234595,
        "right_height_90": 0.020052284,
        "right_instep_girth": 0.22196503,
        "right_instep_height": 0.055589959,
        "right_lateral_half_width": 0.052015644,
        "right_lateral_half_width_44": 0.044623125,
        "right_lateral_half_width_50": 0.047302511,
        "right_lateral_half_width_58": 0.051051889,
        "right_lateral_half_width_66": 0.050596371,
        "right_lateral_half_width_74": 0.0476777,
        "right_lateral_half_width_82": 0.043043282,
        "right_lateral_half_width_90": 0.029161433,
        "right_length": 0.23059124,
        "right_medial_half_width": 0.03474924,
        "right_medial_half_width_44": 0.032230753,
        "right_medial_half_width_50": 0.031881008,
        "right_medial_half_width_58": 0.03257595,
        "right_medial_half_width_66": 0.033708237,
        "right_medial_half_width_74": 0.034627263,
        "right_medial_half_width_82": 0.032462589,
        "right_medial_half_width_90": 0.029585928,
        "right_plastic_height": 0.15107462,
        "right_short_heel_girth": 0.28663269,
        "right_waist_girth": 0.22466278,
        "right_waist_lateral_half_width": 0.043087818,
        "right_width": 0.086764887
    },
    "size_gender": "female"
}