{
    "measurements": {
        "left_ankle_wrap": 0.23799112,
        "left_arch_height": 0.013908267,
        "left_back_arch_gap_90": 0.00938604,
        "left_ball_girth": 0.25421831,
        "left_bauer_fit": 0.50616628,
        "left_forefoot_height": 0.0345142,
        "left_heel_to_ball": 0.19135162,
        "left_heel_width": 0.065876327,
        "left_height_80": 0.0345142,
        "left_height_90": 0.026286967,
        "left_instep_girth": 0.25674483,
        "left_instep_height": 0.063514806,
        "left_lateral_half_width": 0.060587626,
        "left_lateral_half_width_44": 0.048711747,
        "left_lateral_half_width_50": 0.054201558,
        "left_lateral_half_width_58": 0.059078775,
        "left_lateral_half_width_66": 0.059977274,
        "left_lateral_half_width_74": 0.057190236,
        "left_lateral_half_width_82": 0.049459998,
        "left_lateral_half_width_90": 0.038968269,
        "left_length": 0.2661773,
        "left_medial_half_width": 0.041641362,
        "left_medial_half_width_44": 0.038345162,
        "left_medial_half_width_50": 0.037794113,
        "left_medial_half_width_58": 0.038330581,
        "left_medial_half_width_66": 0.039978057,
        "left_medial_half_width_74": 0.041305203,
        "left_medial_half_width_82": 0.036644474,
        "left_medial_half_width_90": 0.035730675,
        "left_plastic_height": 0.15166527,
        "left_short_heel_girth": 0.33346882,
        "left_waist_girth": 0.25415558,
        "left_waist_lateral_half_width": 0.046228293,
        "left_width": 0.10222898,
        "right_ankle_wrap": 0.23330513,
        "right_arch_height": 0.010002894,
        "right_back_arch_gap_90": 0.009904555,
        "right_ball_girth": 0.25399157,
        "right_bauer_fit": 0.50517857,
        "right_forefoot_height": 0.032200634,
        "right_heel_to_ball": 0.19484304,
        "right_heel_width": 0.066835396,
        "right_height_80": 0.032200634,
        "right_height_90": 0.025148347,
        "right_instep_girth": 0.26014933,
        "right_instep_height": 0.06076967,
        "right_lateral_half_width": 0.060714472,
        "right_lateral_half_width_44": 0.050918903,
        "right_lateral_half_width_50": 0.055747751,
        "right_lateral_half_width_58": 0.0605385,
        "right_lateral_half_width_66": 0.059943359,
        "right_lateral_half_width_74": 0.057986908,
        "right_lateral_half_width_82": 0.050144102,
        "right_lateral_half_width_90": 0.038249485,
        "right_length": 0.26545885,
        "right_medial_half_width": 0.041920383,
        "right_medial_half_width_44": 0.040102512,
        "right_medial_half_width_50": 0.038643103,
        "right_medial_half_width_58": 0.0387487,
        "right_medial_half_width_66": 0.039952498,
        "right_medial_half_width_74": 0.041734867,
        "right_medial_half_width_82": 0.036161475,
        "right_medial_half_width_90": 0.034114882,
        "right_plastic_height": 0.15165354,
        "right_short_heel_girth": 0.33791614,
        "right_waist_girth": 0.2611613,
        "right_waist_lateral_half_width": 0.048628148,
        "right_width": 0.10263485
    },
    "size_gender": "male"
}