{
    "measurements": {
        "left_ankle_wrap": 0.25296462,
        "left_arch_height": 0.019055866,
        "left_back_arch_gap_90": 0.0070459945,
        "left_ball_girth": 0.24559385,
        "left_bauer_fit": 0.49476528,
        "left_forefoot_height": 0.036577478,
        "left_heel_to_ball": 0.22056259,
        "left_heel_width": 0.064121522,
        "left_height_80": 0.036577478,
        "left_height_90": 0.030302756,
        "left_instep_girth": 0.25635749,
        "left_instep_height": 0.069681086,
        "left_lateral_half_width": 0.056151256,
        "left_lateral_half_width_44": 0.048489109,
        "left_lateral_half_width_50": 0.05172424,
        "left_lateral_half_width_58": 0.056039903,
        "left_lateral_half_width_66": 0.055399667,
        "left_lateral_half_width_74": 0.052496042,
        "left_lateral_half_width_82": 0.041799877,
        "left_lateral_half_width_90": 0.028337959,
        "left_length": 0.27578712,
        "left_medial_half_width": 0.042020619,
        "left_medial_half_width_44": 0.034153465,
        "left_medial_half_width_50": 0.035826303,
        "left_medial_half_width_58": 0.036169618,
        "left_medial_half_width_66": 0.036921322,
        "left_medial_half_width_74": 0.039395768,
        "left_medial_half_width_82": 0.043759175,
        "left_medial_half_width_90": 0.0465918,
        "left_plastic_height": 0.15380733,
        "left_short_heel_girth": 0.33569583,
        "left_waist_girth": 0.25292549,
        "left_waist_lateral_half_width": 0.046628024,
        "left_width": 0.098171875,
        "right_ankle_wrap": 0.23299569,
        "right_arch_height": 0.016264388,
        "right_back_arch_gap_90": 0.0082869837,
        "right_ball_girth": 0.24953924,
        "right_bauer_fit": 0.50729829,
        "right_forefoot_height": 0.034012929,
        "right_heel_to_ball": 0.22176488,
        "right_heel_width": 0.066441283,
        "right_height_80": 0.034012929,
        "right_height_90": 0.026716009,
        "right_instep_girth": 0.26101786,
        "right_instep_height": 0.066163272,
        "right_lateral_half_width": 0.059269607,
        "right_lateral_half_width_44": 0.048546787,
        "right_lateral_half_width_50": 0.052902877,
        "right_lateral_half_width_58": 0.058461338,
        "right_lateral_half_width_66": 0.057729196,
        "right_lateral_half_width_74": 0.054338288,
        "right_lateral_half_width_82": 0.04332919,
        "right_lateral_half_width_90": 0.03102945,
        "right_length": 0.27753636,
        "right_medial_half_width": 0.042609159,
        "right_medial_half_width_44": 0.038013972,
        "right_medial_half_width_50": 0.0375872,
        "right_medial_half_width_58": 0.037966583,
        "right_medial_half_width_66": 0.038476419,
        "right_medial_half_width_74": 0.039881185,
        "right_medial_half_width_82": 0.043610305,
        "right_medial_half_width_90": 0.044104233,
        "right_plastic_height": 0.15210122,
        "right_short_heel_girth": 0.33710945,
        "right_waist_girth": 0.25853333,
        "right_waist_lateral_half_width": 0.046596646,
        "right_width": 0.10187876
    },
    "size_gender": "male"
}