{
    "measurements": {
        "left_ankle_wrap": 0.2462613,
        "left_arch_height": 0.0095945951,
        "left_back_arch_gap_90": 0.0089212125,
        "left_ball_girth": 0.22810937,
        "left_bauer_fit": 0.4552564,
        "left_forefoot_height": 0.030256977,
        "left_heel_to_ball": 0.16335404,
        "left_heel_width": 0.066657215,
        "left_height_80": 0.030256977,
        "left_height_90": 0.024737427,
        "left_instep_girth": 0.23434085,
        "left_instep_height": 0.054506537,
        "left_lateral_half_width": 0.055706702,
        "left_lateral_half_width_44": 0.04810331,
        "left_lateral_half_width_50": 0.0513816,
        "left_lateral_half_width_58": 0.055311438,
        "left_lateral_half_width_66": 0.054317083,
        "left_lateral_half_width_74": 0.051782221,
        "left_lateral_half_width_82": 0.042967614,
        "left_lateral_half_width_90": 0.030315397,
        "left_length": 0.23362881,
        "left_medial_half_width": 0.036845233,
        "left_medial_half_width_44": 0.037099961,
        "left_medial_half_width_50": 0.035287824,
        "left_medial_half_width_58": 0.0339384,
        "left_medial_half_width_66": 0.036196,
        "left_medial_half_width_74": 0.036176078,
        "left_medial_half_width_82": 0.034781318,
        "left_medial_half_width_90": 0.034086239,
        "left_plastic_height": 0.1521852,
        "left_short_heel_girth": 0.3144103,
        "left_waist_girth": 0.23865278,
        "left_waist_lateral_half_width": 0.046453573,
        "left_width": 0.092551932,
        "right_ankle_wrap": 0.23099808,
        "right_arch_height": 0.009008172,
        "right_back_arch_gap_90": 0.012131125,
        "right_ball_girth": 0.23180735,
        "right_bauer_fit": 0.45732179,
        "right_forefoot_height": 0.02995103,
        "right_heel_to_ball": 0.17125767,
        "right_heel_width": 0.065779731,
        "right_height_80": 0.02995103,
        "right_height_90": 0.022495877,
        "right_instep_girth": 0.23367636,
        "right_instep_height": 0.05287258,
        "right_lateral_half_width": 0.056124635,
        "right_lateral_half_width_44": 0.04896982,
        "right_lateral_half_width_50": 0.051243994,
        "right_lateral_half_width_58": 0.05520625,
        "right_lateral_half_width_66": 0.054616787,
        "right_lateral_half_width_74": 0.052412897,
        "right_lateral_half_width_82": 0.041344587,
        "right_lateral_half_width_90": 0.026080567,
        "right_length": 0.23578466,
        "right_medial_half_width": 0.037281659,
        "right_medial_half_width_44": 0.038794268,
        "right_medial_half_width_50": 0.036389619,
        "right_medial_half_width_58": 0.035435557,
        "right_medial_half_width_66": 0.036402587,
        "right_medial_half_width_74": 0.037207093,
        "right_medial_half_width_82": 0.03473103,
        "right_medial_half_width_90": 0.033618812,
        "right_plastic_height": 0.15123796,
        "right_short_heel_girth": 0.31983706,
        "right_waist_girth": 0.24319553,
        "right_waist_lateral_half_width": 0.047723114,
        "right_width": 0.09340629
    },
    "size_gender": "female"
}