{
    "measurements": {
        "left_ankle_wrap": 0.19807468,
        "left_arch_height": 0.014841753,
        "left_back_arch_gap_90": 0.011313376,
        "left_ball_girth": 0.23499799,
        "left_bauer_fit": 0.46307981,
        "left_forefoot_height": 0.032410268,
        "left_heel_to_ball": 0.1758783,
        "left_heel_width": 0.060507122,
        "left_height_80": 0.032410268,
        "left_height_90": 0.024067391,
        "left_instep_girth": 0.23397198,
        "left_instep_height": 0.063701704,
        "left_lateral_half_width": 0.05471253,
        "left_lateral_half_width_44": 0.043349043,
        "left_lateral_half_width_50": 0.046137564,
        "left_lateral_half_width_58": 0.0508618,
        "left_lateral_half_width_66": 0.054682471,
        "left_lateral_half_width_74": 0.053010754,
        "left_lateral_half_width_82": 0.048842788,
        "left_lateral_half_width_90": 0.034504611,
        "left_length": 0.24230304,
        "left_medial_half_width": 0.037522603,
        "left_medial_half_width_44": 0.033117786,
        "left_medial_half_width_50": 0.033554811,
        "left_medial_half_width_58": 0.034484409,
        "left_medial_half_width_66": 0.036435332,
        "left_medial_half_width_74": 0.037403367,
        "left_medial_half_width_82": 0.033057351,
        "left_medial_half_width_90": 0.028670557,
        "left_plastic_height": 0.15123107,
        "left_short_heel_girth": 0.30196974,
        "left_waist_girth": 0.23479149,
        "left_waist_lateral_half_width": 0.041226458,
        "left_width": 0.092235133,
        "right_ankle_wrap": 0.20163178,
        "right_arch_height": 0.013361679,
        "right_back_arch_gap_90": 0.012529679,
        "right_ball_girth": 0.23834583,
        "right_bauer_fit": 0.47984731,
        "right_forefoot_height": 0.030647298,
        "right_heel_to_ball": 0.17690118,
        "right_heel_width": 0.058680251,
        "right_height_80": 0.030647298,
        "right_height_90": 0.023019157,
        "right_instep_girth": 0.23751558,
        "right_instep_height": 0.06065692,
        "right_lateral_half_width": 0.056847677,
        "right_lateral_half_width_44": 0.043719664,
        "right_lateral_half_width_50": 0.047090117,
        "right_lateral_half_width_58": 0.052864518,
        "right_lateral_half_width_66": 0.056764107,
        "right_lateral_half_width_74": 0.0540437,
        "right_lateral_half_width_82": 0.048336543,
        "right_lateral_half_width_90": 0.030308595,
        "right_length": 0.24303606,
        "right_medial_half_width": 0.039963037,
        "right_medial_half_width_44": 0.035319228,
        "right_medial_half_width_50": 0.035836656,
        "right_medial_half_width_58": 0.037537929,
        "right_medial_half_width_66": 0.037821438,
        "right_medial_half_width_74": 0.039677948,
        "right_medial_half_width_82": 0.035253294,
        "right_medial_half_width_90": 0.032267857,
        "right_plastic_height": 0.1516483,
        "right_short_heel_girth": 0.29816195,
        "right_waist_girth": 0.23564042,
        "right_waist_lateral_half_width": 0.041321196,
        "right_width": 0.096810713
    },
    "size_gender": "female"
}