{
    "measurements": {
        "left_ankle_wrap": 0.22195335,
        "left_arch_height": 0.017939266,
        "left_back_arch_gap_90": 0.005507837,
        "left_ball_girth": 0.24645807,
        "left_bauer_fit": 0.51100177,
        "left_forefoot_height": 0.033374097,
        "left_heel_to_ball": 0.21962062,
        "left_heel_width": 0.064096361,
        "left_height_80": 0.033374097,
        "left_height_90": 0.026232848,
        "left_instep_girth": 0.25573021,
        "left_instep_height": 0.068758361,
        "left_lateral_half_width": 0.057923041,
        "left_lateral_half_width_44": 0.047507819,
        "left_lateral_half_width_50": 0.05208572,
        "left_lateral_half_width_58": 0.057775889,
        "left_lateral_half_width_66": 0.056614831,
        "left_lateral_half_width_74": 0.053637732,
        "left_lateral_half_width_82": 0.036758386,
        "left_lateral_half_width_90": 0.02283163,
        "left_length": 0.27488628,
        "left_medial_half_width": 0.044211697,
        "left_medial_half_width_44": 0.033952635,
        "left_medial_half_width_50": 0.034438979,
        "left_medial_half_width_58": 0.035018727,
        "left_medial_half_width_66": 0.037736095,
        "left_medial_half_width_74": 0.040888213,
        "left_medial_half_width_82": 0.046202555,
        "left_medial_half_width_90": 0.050373215,
        "left_plastic_height": 0.152694,
        "left_short_heel_girth": 0.33324218,
        "left_waist_girth": 0.25270143,
        "left_waist_lateral_half_width": 0.046101242,
        "left_width": 0.10213473,
        "right_ankle_wrap": 0.21730338,
        "right_arch_height": 0.014508217,
        "right_back_arch_gap_90": 0.0072294096,
        "right_ball_girth": 0.24472946,
        "right_bauer_fit": 0.49368781,
        "right_forefoot_height": 0.032948345,
        "right_heel_to_ball": 0.20230488,
        "right_heel_width": 0.064474329,
        "right_height_80": 0.032948345,
        "right_height_90": 0.026390148,
        "right_instep_girth": 0.26199484,
        "right_instep_height": 0.06810908,
        "right_lateral_half_width": 0.058561765,
        "right_lateral_half_width_44": 0.047292,
        "right_lateral_half_width_50": 0.051669404,
        "right_lateral_half_width_58": 0.058048826,
        "right_lateral_half_width_66": 0.056997281,
        "right_lateral_half_width_74": 0.052713804,
        "right_lateral_half_width_82": 0.040159672,
        "right_lateral_half_width_90": 0.028904974,
        "right_length": 0.27598777,
        "right_medial_half_width": 0.03972432,
        "right_medial_half_width_44": 0.038135,
        "right_medial_half_width_50": 0.038455218,
        "right_medial_half_width_58": 0.03787981,
        "right_medial_half_width_66": 0.037989497,
        "right_medial_half_width_74": 0.039695822,
        "right_medial_half_width_82": 0.040800959,
        "right_medial_half_width_90": 0.041741412,
        "right_plastic_height": 0.15241498,
        "right_short_heel_girth": 0.33564898,
        "right_waist_girth": 0.25939539,
        "right_waist_lateral_half_width": 0.045547273,
        "right_width": 0.098286085
    },
    "size_gender": "male"
}