{
    "measurements": {
        "left_ankle_wrap": 0.24871354,
        "left_arch_height": 0.0095473472,
        "left_back_arch_gap_90": 0.008688801,
        "left_ball_girth": 0.23903479,
        "left_bauer_fit": 0.47419915,
        "left_forefoot_height": 0.031485509,
        "left_heel_to_ball": 0.16659676,
        "left_heel_width": 0.070514865,
        "left_height_80": 0.031485509,
        "left_height_90": 0.023347098,
        "left_instep_girth": 0.2468913,
        "left_instep_height": 0.059035059,
        "left_lateral_half_width": 0.057783518,
        "left_lateral_half_width_44": 0.045996912,
        "left_lateral_half_width_50": 0.049247958,
        "left_lateral_half_width_58": 0.054653287,
        "left_lateral_half_width_66": 0.056909561,
        "left_lateral_half_width_74": 0.057641126,
        "left_lateral_half_width_82": 0.04917568,
        "left_lateral_half_width_90": 0.032600418,
        "left_length": 0.24423914,
        "left_medial_half_width": 0.038097329,
        "left_medial_half_width_44": 0.041538805,
        "left_medial_half_width_50": 0.040100835,
        "left_medial_half_width_58": 0.037894528,
        "left_medial_half_width_66": 0.0379209,
        "left_medial_half_width_74": 0.037813086,
        "left_medial_half_width_82": 0.034883164,
        "left_medial_half_width_90": 0.031091735,
        "left_plastic_height": 0.15194574,
        "left_short_heel_girth": 0.32821241,
        "left_waist_girth": 0.25091988,
        "left_waist_lateral_half_width": 0.044495173,
        "left_width": 0.095880851,
        "right_ankle_wrap": 0.24577405,
        "right_arch_height": 0.012226511,
        "right_back_arch_gap_90": 0.00884266,
        "right_ball_girth": 0.23593421,
        "right_bauer_fit": 0.4660264,
        "right_forefoot_height": 0.032559276,
        "right_heel_to_ball": 0.15825987,
        "right_heel_width": 0.064920872,
        "right_height_80": 0.032559276,
        "right_height_90": 0.025038738,
        "right_instep_girth": 0.24491176,
        "right_instep_height": 0.059593078,
        "right_lateral_half_width": 0.056369279,
        "right_lateral_half_width_44": 0.043981269,
        "right_lateral_half_width_50": 0.048659619,
        "right_lateral_half_width_58": 0.05414911,
        "right_lateral_half_width_66": 0.056275267,
        "right_lateral_half_width_74": 0.055489808,
        "right_lateral_half_width_82": 0.050209515,
        "right_lateral_half_width_90": 0.035869617,
        "right_length": 0.24258691,
        "right_medial_half_width": 0.037495229,
        "right_medial_half_width_44": 0.040903877,
        "right_medial_half_width_50": 0.039668135,
        "right_medial_half_width_58": 0.038194682,
        "right_medial_half_width_66": 0.037487898,
        "right_medial_half_width_74": 0.036143497,
        "right_medial_half_width_82": 0.031465456,
        "right_medial_half_width_90": 0.02710299,
        "right_plastic_height": 0.15295696,
        "right_short_heel_girth": 0.32533678,
        "right_waist_girth": 0.24508974,
        "right_waist_lateral_half_width": 0.041757163,
        "right_width": 0.093864508
    },
    "size_gender": "female"
}