{
    "measurements": {
        "left_ankle_wrap": 0.19971976,
        "left_arch_height": 0.010531413,
        "left_back_arch_gap_90": 0.010628669,
        "left_ball_girth": 0.23490906,
        "left_bauer_fit": 0.46732846,
        "left_forefoot_height": 0.03098177,
        "left_heel_to_ball": 0.1687762,
        "left_heel_width": 0.060847931,
        "left_height_80": 0.03098177,
        "left_height_90": 0.024370831,
        "left_instep_girth": 0.22651489,
        "left_instep_height": 0.055589687,
        "left_lateral_half_width": 0.055420365,
        "left_lateral_half_width_44": 0.044489469,
        "left_lateral_half_width_50": 0.04853791,
        "left_lateral_half_width_58": 0.05255688,
        "left_lateral_half_width_66": 0.055398766,
        "left_lateral_half_width_74": 0.053413738,
        "left_lateral_half_width_82": 0.04723585,
        "left_lateral_half_width_90": 0.031690657,
        "left_length": 0.22938865,
        "left_medial_half_width": 0.039669421,
        "left_medial_half_width_44": 0.032174293,
        "left_medial_half_width_50": 0.032751806,
        "left_medial_half_width_58": 0.034489006,
        "left_medial_half_width_66": 0.036922466,
        "left_medial_half_width_74": 0.039664313,
        "left_medial_half_width_82": 0.034334879,
        "left_medial_half_width_90": 0.028815702,
        "left_plastic_height": 0.15190069,
        "left_short_heel_girth": 0.29045033,
        "left_waist_girth": 0.22613923,
        "left_waist_lateral_half_width": 0.043174412,
        "left_width": 0.095089786,
        "right_ankle_wrap": 0.19909839,
        "right_arch_height": 0.011302723,
        "right_back_arch_gap_90": 0.010281139,
        "right_ball_girth": 0.2415984,
        "right_bauer_fit": 0.48160684,
        "right_forefoot_height": 0.029929008,
        "right_heel_to_ball": 0.16923641,
        "right_heel_width": 0.061472379,
        "right_height_80": 0.029929008,
        "right_height_90": 0.0229664,
        "right_instep_girth": 0.23056021,
        "right_instep_height": 0.054600451,
        "right_lateral_half_width": 0.057275258,
        "right_lateral_half_width_44": 0.0452975,
        "right_lateral_half_width_50": 0.049655192,
        "right_lateral_half_width_58": 0.054405887,
        "right_lateral_half_width_66": 0.056949433,
        "right_lateral_half_width_74": 0.054040723,
        "right_lateral_half_width_82": 0.048225831,
        "right_lateral_half_width_90": 0.031915832,
        "right_length": 0.22717182,
        "right_medial_half_width": 0.041340537,
        "right_medial_half_width_44": 0.032710396,
        "right_medial_half_width_50": 0.034171131,
        "right_medial_half_width_58": 0.035903063,
        "right_medial_half_width_66": 0.037958696,
        "right_medial_half_width_74": 0.041285697,
        "right_medial_half_width_82": 0.035386492,
        "right_medial_half_width_90": 0.027827891,
        "right_plastic_height": 0.15178135,
        "right_short_heel_girth": 0.2893658,
        "right_waist_girth": 0.22689965,
        "right_waist_lateral_half_width": 0.043301743,
        "right_width": 0.098615795
    },
    "size_gender": "female"
}