{
    "measurements": {
        "left_ankle_wrap": 0.16923995,
        "left_arch_height": 0.012107918,
        "left_back_arch_gap_90": 0.010347698,
        "left_ball_girth": 0.18577111,
        "left_bauer_fit": 0.37018666,
        "left_forefoot_height": 0.024934625,
        "left_heel_to_ball": 0.14780533,
        "left_heel_width": 0.047587484,
        "left_height_80": 0.024934625,
        "left_height_90": 0.018241279,
        "left_instep_girth": 0.18518756,
        "left_instep_height": 0.046905365,
        "left_lateral_half_width": 0.044883583,
        "left_lateral_half_width_44": 0.033326928,
        "left_lateral_half_width_50": 0.0365229,
        "left_lateral_half_width_58": 0.040989462,
        "left_lateral_half_width_66": 0.043976393,
        "left_lateral_half_width_74": 0.044851761,
        "left_lateral_half_width_82": 0.040522065,
        "left_lateral_half_width_90": 0.031930219,
        "left_length": 0.18871889,
        "left_medial_half_width": 0.029777221,
        "left_medial_half_width_44": 0.03152455,
        "left_medial_half_width_50": 0.030094586,
        "left_medial_half_width_58": 0.028394017,
        "left_medial_half_width_66": 0.029163759,
        "left_medial_half_width_74": 0.02942827,
        "left_medial_half_width_82": 0.029610828,
        "left_medial_half_width_90": 0.028727883,
        "left_plastic_height": 0.15183324,
        "left_short_heel_girth": 0.2483003,
        "left_waist_girth": 0.1881312,
        "left_waist_lateral_half_width": 0.032001551,
        "left_width": 0.074660808,
        "right_ankle_wrap": 0.17162809,
        "right_arch_height": 0.014444631,
        "right_back_arch_gap_90": 0.0118631,
        "right_ball_girth": 0.18440099,
        "right_bauer_fit": 0.36584041,
        "right_forefoot_height": 0.023812773,
        "right_heel_to_ball": 0.14334908,
        "right_heel_width": 0.048196439,
        "right_height_80": 0.023812773,
        "right_height_90": 0.017356103,
        "right_instep_girth": 0.18408376,
        "right_instep_height": 0.043724939,
        "right_lateral_half_width": 0.044493739,
        "right_lateral_half_width_44": 0.033831533,
        "right_lateral_half_width_50": 0.036195796,
        "right_lateral_half_width_58": 0.042482037,
        "right_lateral_half_width_66": 0.043911878,
        "right_lateral_half_width_74": 0.044340428,
        "right_lateral_half_width_82": 0.037083518,
        "right_lateral_half_width_90": 0.024479236,
        "right_length": 0.19089027,
        "right_medial_half_width": 0.02989783,
        "right_medial_half_width_44": 0.032124691,
        "right_medial_half_width_50": 0.031054866,
        "right_medial_half_width_58": 0.029333649,
        "right_medial_half_width_66": 0.029227665,
        "right_medial_half_width_74": 0.029797874,
        "right_medial_half_width_82": 0.027706623,
        "right_medial_half_width_90": 0.02785757,
        "right_plastic_height": 0.15153097,
        "right_short_heel_girth": 0.24380435,
        "right_waist_girth": 0.18468113,
        "right_waist_lateral_half_width": 0.032637969,
        "right_width": 0.074391566
    },
    "size_gender": "female"
}