{
    "measurements": {
        "left_ankle_wrap": 0.15877645,
        "left_arch_height": 0.0035155651,
        "left_back_arch_gap_90": 0.0064399303,
        "left_ball_girth": 0.16749236,
        "left_bauer_fit": 0.32483143,
        "left_forefoot_height": 0.023901181,
        "left_heel_to_ball": 0.14016138,
        "left_heel_width": 0.048385367,
        "left_height_80": 0.023901181,
        "left_height_90": 0.018016234,
        "left_instep_girth": 0.16884266,
        "left_instep_height": 0.040969677,
        "left_lateral_half_width": 0.038219348,
        "left_lateral_half_width_44": 0.031412583,
        "left_lateral_half_width_50": 0.033270974,
        "left_lateral_half_width_58": 0.03631084,
        "left_lateral_half_width_66": 0.0381775,
        "left_lateral_half_width_74": 0.037718493,
        "left_lateral_half_width_82": 0.0349614,
        "left_lateral_half_width_90": 0.025566259,
        "left_length": 0.17886411,
        "left_medial_half_width": 0.027337639,
        "left_medial_half_width_44": 0.026702341,
        "left_medial_half_width_50": 0.02702293,
        "left_medial_half_width_58": 0.025138268,
        "left_medial_half_width_66": 0.025457283,
        "left_medial_half_width_74": 0.026849046,
        "left_medial_half_width_82": 0.027118117,
        "left_medial_half_width_90": 0.025793139,
        "left_plastic_height": 0.15185033,
        "left_short_heel_girth": 0.22909147,
        "left_waist_girth": 0.17435829,
        "left_waist_lateral_half_width": 0.030600945,
        "left_width": 0.065556988,
        "right_ankle_wrap": 0.16286105,
        "right_arch_height": 0.0048037395,
        "right_back_arch_gap_90": 0.0059013031,
        "right_ball_girth": 0.17006314,
        "right_bauer_fit": 0.33180654,
        "right_forefoot_height": 0.022864213,
        "right_heel_to_ball": 0.14339253,
        "right_heel_width": 0.049124725,
        "right_height_80": 0.022864213,
        "right_height_90": 0.017552778,
        "right_instep_girth": 0.17356376,
        "right_instep_height": 0.04034128,
        "right_lateral_half_width": 0.041016251,
        "right_lateral_half_width_44": 0.032636121,
        "right_lateral_half_width_50": 0.035169885,
        "right_lateral_half_width_58": 0.038645446,
        "right_lateral_half_width_66": 0.039328694,
        "right_lateral_half_width_74": 0.040870231,
        "right_lateral_half_width_82": 0.037414722,
        "right_lateral_half_width_90": 0.029300427,
        "right_length": 0.1805663,
        "right_medial_half_width": 0.02629674,
        "right_medial_half_width_44": 0.028684733,
        "right_medial_half_width_50": 0.028201688,
        "right_medial_half_width_58": 0.026398828,
        "right_medial_half_width_66": 0.026202047,
        "right_medial_half_width_74": 0.026289446,
        "right_medial_half_width_82": 0.026654167,
        "right_medial_half_width_90": 0.024679596,
        "right_plastic_height": 0.15194768,
        "right_short_heel_girth": 0.23013902,
        "right_waist_girth": 0.17911011,
        "right_waist_lateral_half_width": 0.031630315,
        "right_width": 0.067312993
    },
    "size_gender": null
}