{
    "measurements": {
        "left_ankle_wrap": 0.19782634,
        "left_arch_height": 0.011802611,
        "left_back_arch_gap_90": 0.009419065,
        "left_ball_girth": 0.2144862,
        "left_bauer_fit": 0.42707613,
        "left_forefoot_height": 0.03060944,
        "left_heel_to_ball": 0.18639135,
        "left_heel_width": 0.059548028,
        "left_height_80": 0.03060944,
        "left_height_90": 0.022000764,
        "left_instep_girth": 0.21633686,
        "left_instep_height": 0.057112247,
        "left_lateral_half_width": 0.049661428,
        "left_lateral_half_width_44": 0.039519396,
        "left_lateral_half_width_50": 0.042752661,
        "left_lateral_half_width_58": 0.046735905,
        "left_lateral_half_width_66": 0.048570093,
        "left_lateral_half_width_74": 0.048833076,
        "left_lateral_half_width_82": 0.039798234,
        "left_lateral_half_width_90": 0.027662797,
        "left_length": 0.23486726,
        "left_medial_half_width": 0.035780579,
        "left_medial_half_width_44": 0.033011027,
        "left_medial_half_width_50": 0.032419551,
        "left_medial_half_width_58": 0.031808428,
        "left_medial_half_width_66": 0.032367915,
        "left_medial_half_width_74": 0.034926884,
        "left_medial_half_width_82": 0.036211718,
        "left_medial_half_width_90": 0.03450986,
        "left_plastic_height": 0.15219824,
        "left_short_heel_girth": 0.2932764,
        "left_waist_girth": 0.22048464,
        "left_waist_lateral_half_width": 0.037711382,
        "left_width": 0.085442007,
        "right_ankle_wrap": 0.19986375,
        "right_arch_height": 0.013680551,
        "right_back_arch_gap_90": 0.014909103,
        "right_ball_girth": 0.21318072,
        "right_bauer_fit": 0.43050995,
        "right_forefoot_height": 0.02889022,
        "right_heel_to_ball": 0.18547779,
        "right_heel_width": 0.057773318,
        "right_height_80": 0.02889022,
        "right_height_90": 0.023817251,
        "right_instep_girth": 0.21703786,
        "right_instep_height": 0.056345116,
        "right_lateral_half_width": 0.050106756,
        "right_lateral_half_width_44": 0.040014081,
        "right_lateral_half_width_50": 0.043821763,
        "right_lateral_half_width_58": 0.047491863,
        "right_lateral_half_width_66": 0.048867274,
        "right_lateral_half_width_74": 0.050000437,
        "right_lateral_half_width_82": 0.041497111,
        "right_lateral_half_width_90": 0.0303651,
        "right_length": 0.23222628,
        "right_medial_half_width": 0.03630545,
        "right_medial_half_width_44": 0.0331145,
        "right_medial_half_width_50": 0.03253258,
        "right_medial_half_width_58": 0.031910431,
        "right_medial_half_width_66": 0.0325587,
        "right_medial_half_width_74": 0.034334458,
        "right_medial_half_width_82": 0.037461881,
        "right_medial_half_width_90": 0.034897555,
        "right_plastic_height": 0.15248717,
        "right_short_heel_girth": 0.29948604,
        "right_waist_girth": 0.21809667,
        "right_waist_lateral_half_width": 0.037995037,
        "right_width": 0.086412206
    },
    "size_gender": null
}