{
    "measurements": {
        "left_ankle_wrap": 0.21964939,
        "left_arch_height": 0.02108564,
        "left_back_arch_gap_90": 0.0097110718,
        "left_ball_girth": 0.25609532,
        "left_bauer_fit": 0.50655526,
        "left_forefoot_height": 0.036570996,
        "left_heel_to_ball": 0.20384657,
        "left_heel_width": 0.067716561,
        "left_height_80": 0.036570996,
        "left_height_90": 0.026543889,
        "left_instep_girth": 0.2617822,
        "left_instep_height": 0.072232775,
        "left_lateral_half_width": 0.058665235,
        "left_lateral_half_width_44": 0.048123326,
        "left_lateral_half_width_50": 0.051283844,
        "left_lateral_half_width_58": 0.056355819,
        "left_lateral_half_width_66": 0.058295891,
        "left_lateral_half_width_74": 0.057593867,
        "left_lateral_half_width_82": 0.051962998,
        "left_lateral_half_width_90": 0.040388603,
        "left_length": 0.2837919,
        "left_medial_half_width": 0.041640185,
        "left_medial_half_width_44": 0.036982466,
        "left_medial_half_width_50": 0.036350515,
        "left_medial_half_width_58": 0.036580071,
        "left_medial_half_width_66": 0.038865238,
        "left_medial_half_width_74": 0.0410802,
        "left_medial_half_width_82": 0.037067372,
        "left_medial_half_width_90": 0.032718129,
        "left_plastic_height": 0.15217228,
        "left_short_heel_girth": 0.3571943,
        "left_waist_girth": 0.26128268,
        "left_waist_lateral_half_width": 0.046827044,
        "left_width": 0.10030542,
        "right_ankle_wrap": 0.22252096,
        "right_arch_height": 0.016056456,
        "right_back_arch_gap_90": 0.011382479,
        "right_ball_girth": 0.26013091,
        "right_bauer_fit": 0.51446009,
        "right_forefoot_height": 0.037764754,
        "right_heel_to_ball": 0.19930851,
        "right_heel_width": 0.068938226,
        "right_height_80": 0.037764754,
        "right_height_90": 0.029498724,
        "right_instep_girth": 0.26103473,
        "right_instep_height": 0.065600909,
        "right_lateral_half_width": 0.061891947,
        "right_lateral_half_width_44": 0.046734676,
        "right_lateral_half_width_50": 0.051126443,
        "right_lateral_half_width_58": 0.057263616,
        "right_lateral_half_width_66": 0.060847279,
        "right_lateral_half_width_74": 0.061373655,
        "right_lateral_half_width_82": 0.056718148,
        "right_lateral_half_width_90": 0.041992158,
        "right_length": 0.28468388,
        "right_medial_half_width": 0.041770685,
        "right_medial_half_width_44": 0.044835865,
        "right_medial_half_width_50": 0.043123268,
        "right_medial_half_width_58": 0.039774608,
        "right_medial_half_width_66": 0.040559277,
        "right_medial_half_width_74": 0.041458476,
        "right_medial_half_width_82": 0.037517887,
        "right_medial_half_width_90": 0.031780086,
        "right_plastic_height": 0.15260778,
        "right_short_heel_girth": 0.3555268,
        "right_waist_girth": 0.26501647,
        "right_waist_lateral_half_width": 0.044639964,
        "right_width": 0.10366263
    },
    "size_gender": "male"
}