{
    "measurements": {
        "left_ankle_wrap": 0.21800609,
        "left_arch_height": 0.012710668,
        "left_back_arch_gap_90": 0.0091578932,
        "left_ball_girth": 0.22577994,
        "left_bauer_fit": 0.4404279,
        "left_forefoot_height": 0.029944621,
        "left_heel_to_ball": 0.16807535,
        "left_heel_width": 0.058642209,
        "left_height_80": 0.029944621,
        "left_height_90": 0.021900645,
        "left_instep_girth": 0.23311652,
        "left_instep_height": 0.058085315,
        "left_lateral_half_width": 0.052791048,
        "left_lateral_half_width_44": 0.043909173,
        "left_lateral_half_width_50": 0.047359932,
        "left_lateral_half_width_58": 0.051862307,
        "left_lateral_half_width_66": 0.052270353,
        "left_lateral_half_width_74": 0.050314974,
        "left_lateral_half_width_82": 0.043685135,
        "left_lateral_half_width_90": 0.031790875,
        "left_length": 0.23619245,
        "left_medial_half_width": 0.035509784,
        "left_medial_half_width_44": 0.033358179,
        "left_medial_half_width_50": 0.034202535,
        "left_medial_half_width_58": 0.035983481,
        "left_medial_half_width_66": 0.034821611,
        "left_medial_half_width_74": 0.035081338,
        "left_medial_half_width_82": 0.035239425,
        "left_medial_half_width_90": 0.031137923,
        "left_plastic_height": 0.15318942,
        "left_short_heel_girth": 0.29288566,
        "left_waist_girth": 0.22984369,
        "left_waist_lateral_half_width": 0.041974291,
        "left_width": 0.088300832,
        "right_ankle_wrap": 0.20844083,
        "right_arch_height": 0.013558431,
        "right_back_arch_gap_90": 0.010509778,
        "right_ball_girth": 0.22374929,
        "right_bauer_fit": 0.44144678,
        "right_forefoot_height": 0.028826565,
        "right_heel_to_ball": 0.16181873,
        "right_heel_width": 0.058408547,
        "right_height_80": 0.028826565,
        "right_height_90": 0.020901594,
        "right_instep_girth": 0.22777213,
        "right_instep_height": 0.057356831,
        "right_lateral_half_width": 0.053329051,
        "right_lateral_half_width_44": 0.045071196,
        "right_lateral_half_width_50": 0.048154913,
        "right_lateral_half_width_58": 0.051912263,
        "right_lateral_half_width_66": 0.052677795,
        "right_lateral_half_width_74": 0.051054876,
        "right_lateral_half_width_82": 0.045221664,
        "right_lateral_half_width_90": 0.031709097,
        "right_length": 0.23123774,
        "right_medial_half_width": 0.035375327,
        "right_medial_half_width_44": 0.031816434,
        "right_medial_half_width_50": 0.0327649,
        "right_medial_half_width_58": 0.034792092,
        "right_medial_half_width_66": 0.035097003,
        "right_medial_half_width_74": 0.035227887,
        "right_medial_half_width_82": 0.035591703,
        "right_medial_half_width_90": 0.030316792,
        "right_plastic_height": 0.15256719,
        "right_short_heel_girth": 0.28802806,
        "right_waist_girth": 0.22754729,
        "right_waist_lateral_half_width": 0.043299314,
        "right_width": 0.088704377
    },
    "size_gender": "female"
}