{
    "measurements": {
        "left_ankle_wrap": 0.22042218,
        "left_arch_height": 0.017743364,
        "left_back_arch_gap_90": 0.0057799667,
        "left_ball_girth": 0.24234641,
        "left_bauer_fit": 0.48937252,
        "left_forefoot_height": 0.03469,
        "left_heel_to_ball": 0.21853699,
        "left_heel_width": 0.063936092,
        "left_height_80": 0.03469,
        "left_height_90": 0.027186578,
        "left_instep_girth": 0.25626498,
        "left_instep_height": 0.069220044,
        "left_lateral_half_width": 0.056239288,
        "left_lateral_half_width_44": 0.048839588,
        "left_lateral_half_width_50": 0.052060369,
        "left_lateral_half_width_58": 0.056171432,
        "left_lateral_half_width_66": 0.055196423,
        "left_lateral_half_width_74": 0.051239479,
        "left_lateral_half_width_82": 0.03915498,
        "left_lateral_half_width_90": 0.025540303,
        "left_length": 0.27578229,
        "left_medial_half_width": 0.040793613,
        "left_medial_half_width_44": 0.035310756,
        "left_medial_half_width_50": 0.0355207,
        "left_medial_half_width_58": 0.035896093,
        "left_medial_half_width_66": 0.036793195,
        "left_medial_half_width_74": 0.038343906,
        "left_medial_half_width_82": 0.042699795,
        "left_medial_half_width_90": 0.045519728,
        "left_plastic_height": 0.15242735,
        "left_short_heel_girth": 0.33389705,
        "left_waist_girth": 0.25481108,
        "left_waist_lateral_half_width": 0.04680869,
        "left_width": 0.097032905,
        "right_ankle_wrap": 0.22144304,
        "right_arch_height": 0.017482311,
        "right_back_arch_gap_90": 0.0061376444,
        "right_ball_girth": 0.24507004,
        "right_bauer_fit": 0.49399686,
        "right_forefoot_height": 0.033549387,
        "right_heel_to_ball": 0.22061327,
        "right_heel_width": 0.06667839,
        "right_height_80": 0.033549387,
        "right_height_90": 0.027865775,
        "right_instep_girth": 0.25741312,
        "right_instep_height": 0.065989815,
        "right_lateral_half_width": 0.059555773,
        "right_lateral_half_width_44": 0.049118251,
        "right_lateral_half_width_50": 0.053429682,
        "right_lateral_half_width_58": 0.058835283,
        "right_lateral_half_width_66": 0.056915056,
        "right_lateral_half_width_74": 0.053420182,
        "right_lateral_half_width_82": 0.040835049,
        "right_lateral_half_width_90": 0.028726045,
        "right_length": 0.27869868,
        "right_medial_half_width": 0.039291121,
        "right_medial_half_width_44": 0.038151871,
        "right_medial_half_width_50": 0.03770804,
        "right_medial_half_width_58": 0.036526531,
        "right_medial_half_width_66": 0.037928283,
        "right_medial_half_width_74": 0.038981993,
        "right_medial_half_width_82": 0.040565692,
        "right_medial_half_width_90": 0.041479561,
        "right_plastic_height": 0.15346102,
        "right_short_heel_girth": 0.33286387,
        "right_waist_girth": 0.25799793,
        "right_waist_lateral_half_width": 0.04695192,
        "right_width": 0.0988469
    },
    "size_gender": "male"
}