{
    "measurements": {
        "left_ankle_wrap": 0.22990447,
        "left_arch_height": 0.015913384,
        "left_back_arch_gap_90": 0.0069606178,
        "left_ball_girth": 0.2439453,
        "left_bauer_fit": 0.49127534,
        "left_forefoot_height": 0.034609471,
        "left_heel_to_ball": 0.21901283,
        "left_heel_width": 0.064853922,
        "left_height_80": 0.034609471,
        "left_height_90": 0.029022858,
        "left_instep_girth": 0.25672108,
        "left_instep_height": 0.068332352,
        "left_lateral_half_width": 0.056591682,
        "left_lateral_half_width_44": 0.047680654,
        "left_lateral_half_width_50": 0.051121224,
        "left_lateral_half_width_58": 0.055878822,
        "left_lateral_half_width_66": 0.056286998,
        "left_lateral_half_width_74": 0.05278049,
        "left_lateral_half_width_82": 0.041608404,
        "left_lateral_half_width_90": 0.027248586,
        "left_length": 0.27603438,
        "left_medial_half_width": 0.041085683,
        "left_medial_half_width_44": 0.035007454,
        "left_medial_half_width_50": 0.035556518,
        "left_medial_half_width_58": 0.036433812,
        "left_medial_half_width_66": 0.037510086,
        "left_medial_half_width_74": 0.039115731,
        "left_medial_half_width_82": 0.042566955,
        "left_medial_half_width_90": 0.045045298,
        "left_plastic_height": 0.15253526,
        "left_short_heel_girth": 0.33627716,
        "left_waist_girth": 0.25499487,
        "left_waist_lateral_half_width": 0.045780312,
        "left_width": 0.097677365,
        "right_ankle_wrap": 0.22729804,
        "right_arch_height": 0.0160583,
        "right_back_arch_gap_90": 0.0075433385,
        "right_ball_girth": 0.24754076,
        "right_bauer_fit": 0.502078,
        "right_forefoot_height": 0.034184989,
        "right_heel_to_ball": 0.22018617,
        "right_heel_width": 0.067483462,
        "right_height_80": 0.034184989,
        "right_height_90": 0.027838692,
        "right_instep_girth": 0.26050577,
        "right_instep_height": 0.066754319,
        "right_lateral_half_width": 0.059164897,
        "right_lateral_half_width_44": 0.048633508,
        "right_lateral_half_width_50": 0.052952304,
        "right_lateral_half_width_58": 0.058779627,
        "right_lateral_half_width_66": 0.056969944,
        "right_lateral_half_width_74": 0.053508427,
        "right_lateral_half_width_82": 0.042687126,
        "right_lateral_half_width_90": 0.030844823,
        "right_length": 0.27742925,
        "right_medial_half_width": 0.041371744,
        "right_medial_half_width_44": 0.037795782,
        "right_medial_half_width_50": 0.03764911,
        "right_medial_half_width_58": 0.037496533,
        "right_medial_half_width_66": 0.037964679,
        "right_medial_half_width_74": 0.039455477,
        "right_medial_half_width_82": 0.042587481,
        "right_medial_half_width_90": 0.04164267,
        "right_plastic_height": 0.15240546,
        "right_short_heel_girth": 0.33564323,
        "right_waist_girth": 0.25831285,
        "right_waist_lateral_half_width": 0.046747424,
        "right_width": 0.10053664
    },
    "size_gender": "male"
}