{
    "measurements": {
        "left_ankle_wrap": 0.28660592,
        "left_arch_height": 0.012625009,
        "left_back_arch_gap_90": 0.0094188284,
        "left_ball_girth": 0.23990293,
        "left_bauer_fit": 0.46638972,
        "left_forefoot_height": 0.033103906,
        "left_heel_to_ball": 0.18799247,
        "left_heel_width": 0.065541327,
        "left_height_80": 0.033103906,
        "left_height_90": 0.024535384,
        "left_instep_girth": 0.24278435,
        "left_instep_height": 0.059884522,
        "left_lateral_half_width": 0.055625036,
        "left_lateral_half_width_44": 0.046317697,
        "left_lateral_half_width_50": 0.051192828,
        "left_lateral_half_width_58": 0.05482731,
        "left_lateral_half_width_66": 0.055083677,
        "left_lateral_half_width_74": 0.052898921,
        "left_lateral_half_width_82": 0.044562142,
        "left_lateral_half_width_90": 0.025803378,
        "left_length": 0.25066549,
        "left_medial_half_width": 0.038256072,
        "left_medial_half_width_44": 0.037733369,
        "left_medial_half_width_50": 0.036934812,
        "left_medial_half_width_58": 0.037006412,
        "left_medial_half_width_66": 0.0367078,
        "left_medial_half_width_74": 0.03817879,
        "left_medial_half_width_82": 0.036887307,
        "left_medial_half_width_90": 0.035360135,
        "left_plastic_height": 0.15283951,
        "left_short_heel_girth": 0.32733661,
        "left_waist_girth": 0.24295315,
        "left_waist_lateral_half_width": 0.043738376,
        "left_width": 0.093881108,
        "right_ankle_wrap": 0.28148949,
        "right_arch_height": 0.012414292,
        "right_back_arch_gap_90": 0.01384339,
        "right_ball_girth": 0.23660542,
        "right_bauer_fit": 0.46487266,
        "right_forefoot_height": 0.032737873,
        "right_heel_to_ball": 0.1663231,
        "right_heel_width": 0.067556433,
        "right_height_80": 0.032737873,
        "right_height_90": 0.025553554,
        "right_instep_girth": 0.24608868,
        "right_instep_height": 0.057410046,
        "right_lateral_half_width": 0.056518167,
        "right_lateral_half_width_44": 0.047498602,
        "right_lateral_half_width_50": 0.051702011,
        "right_lateral_half_width_58": 0.055403192,
        "right_lateral_half_width_66": 0.056262121,
        "right_lateral_half_width_74": 0.053532526,
        "right_lateral_half_width_82": 0.045724235,
        "right_lateral_half_width_90": 0.024889531,
        "right_length": 0.25407645,
        "right_medial_half_width": 0.037584051,
        "right_medial_half_width_44": 0.03966267,
        "right_medial_half_width_50": 0.039575018,
        "right_medial_half_width_58": 0.038972158,
        "right_medial_half_width_66": 0.037504036,
        "right_medial_half_width_74": 0.036196992,
        "right_medial_half_width_82": 0.035338476,
        "right_medial_half_width_90": 0.033538491,
        "right_plastic_height": 0.15356758,
        "right_short_heel_girth": 0.33087146,
        "right_waist_girth": 0.24617235,
        "right_waist_lateral_half_width": 0.044472434,
        "right_width": 0.094102219
    },
    "size_gender": null
}