{
    "measurements": {
        "left_ankle_wrap": 0.2997441,
        "left_arch_height": 0.015875889,
        "left_back_arch_gap_90": 0.010816501,
        "left_ball_girth": 0.27991787,
        "left_bauer_fit": 0.5422501,
        "left_forefoot_height": 0.038926173,
        "left_heel_to_ball": 0.21814305,
        "left_heel_width": 0.071026534,
        "left_height_80": 0.038926173,
        "left_height_90": 0.026707467,
        "left_instep_girth": 0.28585422,
        "left_instep_height": 0.074118905,
        "left_lateral_half_width": 0.0639157,
        "left_lateral_half_width_44": 0.059104726,
        "left_lateral_half_width_50": 0.062295023,
        "left_lateral_half_width_58": 0.063891411,
        "left_lateral_half_width_66": 0.062031057,
        "left_lateral_half_width_74": 0.058646053,
        "left_lateral_half_width_82": 0.04849451,
        "left_lateral_half_width_90": 0.032011982,
        "left_length": 0.2753799,
        "left_medial_half_width": 0.044197742,
        "left_medial_half_width_44": 0.036427218,
        "left_medial_half_width_50": 0.037183207,
        "left_medial_half_width_58": 0.039047949,
        "left_medial_half_width_66": 0.041346841,
        "left_medial_half_width_74": 0.043913011,
        "left_medial_half_width_82": 0.044660568,
        "left_medial_half_width_90": 0.047200363,
        "left_plastic_height": 0.15194881,
        "left_short_heel_girth": 0.37817004,
        "left_waist_girth": 0.28574619,
        "left_waist_lateral_half_width": 0.056366317,
        "left_width": 0.10811344,
        "right_ankle_wrap": 0.28318989,
        "right_arch_height": 0.015780704,
        "right_back_arch_gap_90": 0.0084209684,
        "right_ball_girth": 0.2782144,
        "right_bauer_fit": 0.54420966,
        "right_forefoot_height": 0.035617992,
        "right_heel_to_ball": 0.19893733,
        "right_heel_width": 0.0692579,
        "right_height_80": 0.035617992,
        "right_height_90": 0.024469372,
        "right_instep_girth": 0.27956384,
        "right_instep_height": 0.068681352,
        "right_lateral_half_width": 0.064970762,
        "right_lateral_half_width_44": 0.05925034,
        "right_lateral_half_width_50": 0.062618606,
        "right_lateral_half_width_58": 0.064448118,
        "right_lateral_half_width_66": 0.064918369,
        "right_lateral_half_width_74": 0.062167533,
        "right_lateral_half_width_82": 0.050686307,
        "right_lateral_half_width_90": 0.035090812,
        "right_length": 0.27422586,
        "right_medial_half_width": 0.044851024,
        "right_medial_half_width_44": 0.038238883,
        "right_medial_half_width_50": 0.038113382,
        "right_medial_half_width_58": 0.040338784,
        "right_medial_half_width_66": 0.043271206,
        "right_medial_half_width_74": 0.044817403,
        "right_medial_half_width_82": 0.045376841,
        "right_medial_half_width_90": 0.046038117,
        "right_plastic_height": 0.15360847,
        "right_short_heel_girth": 0.36939305,
        "right_waist_girth": 0.2819421,
        "right_waist_lateral_half_width": 0.056498427,
        "right_width": 0.10982178
    },
    "size_gender": "male"
}