{
    "measurements": {
        "left_ankle_wrap": 0.20634149,
        "left_arch_height": 0.013210646,
        "left_back_arch_gap_90": -0.0055687041,
        "left_ball_girth": 0.19688445,
        "left_bauer_fit": 0.38350326,
        "left_forefoot_height": 0.029141257,
        "left_heel_to_ball": 0.14035213,
        "left_heel_width": 0.052572265,
        "left_height_80": 0.029141257,
        "left_height_90": 0.021011265,
        "left_instep_girth": 0.20158619,
        "left_instep_height": 0.052150976,
        "left_lateral_half_width": 0.045683187,
        "left_lateral_half_width_44": 0.035936482,
        "left_lateral_half_width_50": 0.039090153,
        "left_lateral_half_width_58": 0.042701796,
        "left_lateral_half_width_66": 0.0451013,
        "left_lateral_half_width_74": 0.045537014,
        "left_lateral_half_width_82": 0.044583265,
        "left_lateral_half_width_90": 0.032069523,
        "left_length": 0.19251047,
        "left_medial_half_width": 0.030841593,
        "left_medial_half_width_44": 0.030428242,
        "left_medial_half_width_50": 0.030438999,
        "left_medial_half_width_58": 0.029375443,
        "left_medial_half_width_66": 0.030040883,
        "left_medial_half_width_74": 0.03081869,
        "left_medial_half_width_82": 0.029436439,
        "left_medial_half_width_90": 0.028207596,
        "left_plastic_height": 0.15256736,
        "left_short_heel_girth": 0.25848192,
        "left_waist_girth": 0.20065148,
        "left_waist_lateral_half_width": 0.034635335,
        "left_width": 0.076524779,
        "right_ankle_wrap": 0.20000261,
        "right_arch_height": 0.012307645,
        "right_back_arch_gap_90": 0.00057114003,
        "right_ball_girth": 0.19884045,
        "right_bauer_fit": 0.39543462,
        "right_forefoot_height": 0.027722599,
        "right_heel_to_ball": 0.14356035,
        "right_heel_width": 0.050496608,
        "right_height_80": 0.027722599,
        "right_height_90": 0.02059333,
        "right_instep_girth": 0.20604652,
        "right_instep_height": 0.05065506,
        "right_lateral_half_width": 0.047801483,
        "right_lateral_half_width_44": 0.037391473,
        "right_lateral_half_width_50": 0.041187909,
        "right_lateral_half_width_58": 0.045181781,
        "right_lateral_half_width_66": 0.046910606,
        "right_lateral_half_width_74": 0.047532409,
        "right_lateral_half_width_82": 0.047352713,
        "right_lateral_half_width_90": 0.035245847,
        "right_length": 0.19238055,
        "right_medial_half_width": 0.03182428,
        "right_medial_half_width_44": 0.031784188,
        "right_medial_half_width_50": 0.031803578,
        "right_medial_half_width_58": 0.032585025,
        "right_medial_half_width_66": 0.031257838,
        "right_medial_half_width_74": 0.031821214,
        "right_medial_half_width_82": 0.031330872,
        "right_medial_half_width_90": 0.030078635,
        "right_plastic_height": 0.15083441,
        "right_short_heel_girth": 0.25382385,
        "right_waist_girth": 0.20330416,
        "right_waist_lateral_half_width": 0.036077779,
        "right_width": 0.079625763
    },
    "size_gender": null
}