{
    "measurements": {
        "left_ankle_wrap": 0.22623776,
        "left_arch_height": 0.01195827,
        "left_back_arch_gap_90": 0.0044615557,
        "left_ball_girth": 0.23400991,
        "left_bauer_fit": 0.46066305,
        "left_forefoot_height": 0.031346336,
        "left_heel_to_ball": 0.18675365,
        "left_heel_width": 0.066019,
        "left_height_80": 0.031346336,
        "left_height_90": 0.022118689,
        "left_instep_girth": 0.22963311,
        "left_instep_height": 0.059809502,
        "left_lateral_half_width": 0.053857069,
        "left_lateral_half_width_44": 0.043769687,
        "left_lateral_half_width_50": 0.046887971,
        "left_lateral_half_width_58": 0.0512551,
        "left_lateral_half_width_66": 0.053504784,
        "left_lateral_half_width_74": 0.050935529,
        "left_lateral_half_width_82": 0.040501777,
        "left_lateral_half_width_90": 0.025159145,
        "left_length": 0.24846761,
        "left_medial_half_width": 0.038718805,
        "left_medial_half_width_44": 0.034566779,
        "left_medial_half_width_50": 0.033566277,
        "left_medial_half_width_58": 0.034004882,
        "left_medial_half_width_66": 0.035650216,
        "left_medial_half_width_74": 0.038557671,
        "left_medial_half_width_82": 0.037356082,
        "left_medial_half_width_90": 0.035577718,
        "left_plastic_height": 0.15144515,
        "left_short_heel_girth": 0.31240079,
        "left_waist_girth": 0.23365712,
        "left_waist_lateral_half_width": 0.042267594,
        "left_width": 0.092575878,
        "right_ankle_wrap": 0.22473827,
        "right_arch_height": 0.012068202,
        "right_back_arch_gap_90": 0.0058722207,
        "right_ball_girth": 0.23461534,
        "right_bauer_fit": 0.46915725,
        "right_forefoot_height": 0.031745378,
        "right_heel_to_ball": 0.19135055,
        "right_heel_width": 0.065616041,
        "right_height_80": 0.031745378,
        "right_height_90": 0.021765292,
        "right_instep_girth": 0.22932805,
        "right_instep_height": 0.058340963,
        "right_lateral_half_width": 0.0550296,
        "right_lateral_half_width_44": 0.045053162,
        "right_lateral_half_width_50": 0.048848782,
        "right_lateral_half_width_58": 0.052310493,
        "right_lateral_half_width_66": 0.054985173,
        "right_lateral_half_width_74": 0.052667003,
        "right_lateral_half_width_82": 0.041491523,
        "right_lateral_half_width_90": 0.023304434,
        "right_length": 0.25041616,
        "right_medial_half_width": 0.039847143,
        "right_medial_half_width_44": 0.031552576,
        "right_medial_half_width_50": 0.031592604,
        "right_medial_half_width_58": 0.033333659,
        "right_medial_half_width_66": 0.03666196,
        "right_medial_half_width_74": 0.039408691,
        "right_medial_half_width_82": 0.03816985,
        "right_medial_half_width_90": 0.038266715,
        "right_plastic_height": 0.15158096,
        "right_short_heel_girth": 0.31012467,
        "right_waist_girth": 0.23078807,
        "right_waist_lateral_half_width": 0.043263514,
        "right_width": 0.094876744
    },
    "size_gender": "female"
}