{
    "measurements": {
        "left_ankle_wrap": 0.24672355,
        "left_arch_height": 0.01931476,
        "left_back_arch_gap_90": 0.0079324776,
        "left_ball_girth": 0.25279468,
        "left_bauer_fit": 0.50911206,
        "left_forefoot_height": 0.033000987,
        "left_heel_to_ball": 0.20578353,
        "left_heel_width": 0.067233779,
        "left_height_80": 0.033000987,
        "left_height_90": 0.023911925,
        "left_instep_girth": 0.24834122,
        "left_instep_height": 0.067660354,
        "left_lateral_half_width": 0.058870815,
        "left_lateral_half_width_44": 0.046996336,
        "left_lateral_half_width_50": 0.050812814,
        "left_lateral_half_width_58": 0.056371093,
        "left_lateral_half_width_66": 0.058616333,
        "left_lateral_half_width_74": 0.056108642,
        "left_lateral_half_width_82": 0.046128936,
        "left_lateral_half_width_90": 0.025414485,
        "left_length": 0.25965402,
        "left_medial_half_width": 0.043081086,
        "left_medial_half_width_44": 0.031939376,
        "left_medial_half_width_50": 0.032848667,
        "left_medial_half_width_58": 0.03499613,
        "left_medial_half_width_66": 0.039065152,
        "left_medial_half_width_74": 0.042119294,
        "left_medial_half_width_82": 0.044409182,
        "left_medial_half_width_90": 0.044221196,
        "left_plastic_height": 0.15294746,
        "left_short_heel_girth": 0.33915314,
        "left_waist_girth": 0.24678026,
        "left_waist_lateral_half_width": 0.045447126,
        "left_width": 0.1019519,
        "right_ankle_wrap": 0.2458123,
        "right_arch_height": 0.016597401,
        "right_back_arch_gap_90": 0.011316851,
        "right_ball_girth": 0.25792497,
        "right_bauer_fit": 0.51949418,
        "right_forefoot_height": 0.031535383,
        "right_heel_to_ball": 0.19904445,
        "right_heel_width": 0.066476688,
        "right_height_80": 0.031535383,
        "right_height_90": 0.021796571,
        "right_instep_girth": 0.25439551,
        "right_instep_height": 0.065813154,
        "right_lateral_half_width": 0.061415993,
        "right_lateral_half_width_44": 0.046809748,
        "right_lateral_half_width_50": 0.051219333,
        "right_lateral_half_width_58": 0.057918195,
        "right_lateral_half_width_66": 0.061149888,
        "right_lateral_half_width_74": 0.057346158,
        "right_lateral_half_width_82": 0.046800077,
        "right_lateral_half_width_90": 0.029143285,
        "right_length": 0.26390958,
        "right_medial_half_width": 0.04336023,
        "right_medial_half_width_44": 0.036021292,
        "right_medial_half_width_50": 0.035747737,
        "right_medial_half_width_58": 0.037753884,
        "right_medial_half_width_66": 0.040762417,
        "right_medial_half_width_74": 0.043311656,
        "right_medial_half_width_82": 0.042078994,
        "right_medial_half_width_90": 0.041386928,
        "right_plastic_height": 0.15325321,
        "right_short_heel_girth": 0.3373448,
        "right_waist_girth": 0.25112355,
        "right_waist_lateral_half_width": 0.04490491,
        "right_width": 0.10477622
    },
    "size_gender": "male"
}