{
    "measurements": {
        "left_ankle_wrap": 0.23565367,
        "left_arch_height": 0.017885713,
        "left_back_arch_gap_90": 0.0074570621,
        "left_ball_girth": 0.24196339,
        "left_bauer_fit": 0.49392572,
        "left_forefoot_height": 0.035350081,
        "left_heel_to_ball": 0.21893992,
        "left_heel_width": 0.0656625,
        "left_height_80": 0.035350081,
        "left_height_90": 0.02936418,
        "left_instep_girth": 0.25394309,
        "left_instep_height": 0.068958819,
        "left_lateral_half_width": 0.056475297,
        "left_lateral_half_width_44": 0.048124086,
        "left_lateral_half_width_50": 0.051596276,
        "left_lateral_half_width_58": 0.055868387,
        "left_lateral_half_width_66": 0.054934327,
        "left_lateral_half_width_74": 0.052712873,
        "left_lateral_half_width_82": 0.042588823,
        "left_lateral_half_width_90": 0.027951367,
        "left_length": 0.27588078,
        "left_medial_half_width": 0.041669492,
        "left_medial_half_width_44": 0.034005146,
        "left_medial_half_width_50": 0.034153748,
        "left_medial_half_width_58": 0.035060182,
        "left_medial_half_width_66": 0.036606815,
        "left_medial_half_width_74": 0.038372867,
        "left_medial_half_width_82": 0.043593384,
        "left_medial_half_width_90": 0.046412423,
        "left_plastic_height": 0.15276453,
        "left_short_heel_girth": 0.33467752,
        "left_waist_girth": 0.25162539,
        "left_waist_lateral_half_width": 0.046400446,
        "left_width": 0.098144785,
        "right_ankle_wrap": 0.23044971,
        "right_arch_height": 0.014993585,
        "right_back_arch_gap_90": 0.0078820148,
        "right_ball_girth": 0.24900024,
        "right_bauer_fit": 0.50965858,
        "right_forefoot_height": 0.034703132,
        "right_heel_to_ball": 0.21986629,
        "right_heel_width": 0.068321168,
        "right_height_80": 0.034703132,
        "right_height_90": 0.027607499,
        "right_instep_girth": 0.26192304,
        "right_instep_height": 0.066662863,
        "right_lateral_half_width": 0.058517836,
        "right_lateral_half_width_44": 0.047587294,
        "right_lateral_half_width_50": 0.052643824,
        "right_lateral_half_width_58": 0.058339432,
        "right_lateral_half_width_66": 0.05755683,
        "right_lateral_half_width_74": 0.0537189,
        "right_lateral_half_width_82": 0.041441813,
        "right_lateral_half_width_90": 0.030243626,
        "right_length": 0.27685642,
        "right_medial_half_width": 0.043790646,
        "right_medial_half_width_44": 0.038382981,
        "right_medial_half_width_50": 0.038160414,
        "right_medial_half_width_58": 0.038233634,
        "right_medial_half_width_66": 0.03835677,
        "right_medial_half_width_74": 0.040152058,
        "right_medial_half_width_82": 0.0447779,
        "right_medial_half_width_90": 0.044826612,
        "right_plastic_height": 0.15234844,
        "right_short_heel_girth": 0.33715045,
        "right_waist_girth": 0.25910521,
        "right_waist_lateral_half_width": 0.045808982,
        "right_width": 0.10230848
    },
    "size_gender": "male"
}