{
    "measurements": {
        "left_ankle_wrap": 0.22786687,
        "left_arch_height": 0.018623786,
        "left_back_arch_gap_90": 0.0059075151,
        "left_ball_girth": 0.24596255,
        "left_bauer_fit": 0.49408397,
        "left_forefoot_height": 0.035693396,
        "left_heel_to_ball": 0.2198464,
        "left_heel_width": 0.062467717,
        "left_height_80": 0.035693396,
        "left_height_90": 0.028787171,
        "left_instep_girth": 0.25673687,
        "left_instep_height": 0.069870234,
        "left_lateral_half_width": 0.056822393,
        "left_lateral_half_width_44": 0.048864692,
        "left_lateral_half_width_50": 0.052176479,
        "left_lateral_half_width_58": 0.056454398,
        "left_lateral_half_width_66": 0.055532869,
        "left_lateral_half_width_74": 0.052211095,
        "left_lateral_half_width_82": 0.039553434,
        "left_lateral_half_width_90": 0.026338486,
        "left_length": 0.275313,
        "left_medial_half_width": 0.041148454,
        "left_medial_half_width_44": 0.033883464,
        "left_medial_half_width_50": 0.034640335,
        "left_medial_half_width_58": 0.035344683,
        "left_medial_half_width_66": 0.03700101,
        "left_medial_half_width_74": 0.039411794,
        "left_medial_half_width_82": 0.043470785,
        "left_medial_half_width_90": 0.047000542,
        "left_plastic_height": 0.15210356,
        "left_short_heel_girth": 0.33501732,
        "left_waist_girth": 0.25197142,
        "left_waist_lateral_half_width": 0.047107898,
        "left_width": 0.097970843,
        "right_ankle_wrap": 0.22969747,
        "right_arch_height": 0.017811535,
        "right_back_arch_gap_90": 0.0072997203,
        "right_ball_girth": 0.24887209,
        "right_bauer_fit": 0.49922127,
        "right_forefoot_height": 0.034638785,
        "right_heel_to_ball": 0.22105806,
        "right_heel_width": 0.066495113,
        "right_height_80": 0.034638785,
        "right_height_90": 0.026855851,
        "right_instep_girth": 0.25921911,
        "right_instep_height": 0.066915438,
        "right_lateral_half_width": 0.058696587,
        "right_lateral_half_width_44": 0.04803434,
        "right_lateral_half_width_50": 0.052687027,
        "right_lateral_half_width_58": 0.058311652,
        "right_lateral_half_width_66": 0.056837611,
        "right_lateral_half_width_74": 0.053560164,
        "right_lateral_half_width_82": 0.041908517,
        "right_lateral_half_width_90": 0.030459102,
        "right_length": 0.27861884,
        "right_medial_half_width": 0.041143097,
        "right_medial_half_width_44": 0.038193043,
        "right_medial_half_width_50": 0.038366187,
        "right_medial_half_width_58": 0.037439507,
        "right_medial_half_width_66": 0.037878126,
        "right_medial_half_width_74": 0.039716639,
        "right_medial_half_width_82": 0.041645408,
        "right_medial_half_width_90": 0.042197641,
        "right_plastic_height": 0.15313223,
        "right_short_heel_girth": 0.33746094,
        "right_waist_girth": 0.25815418,
        "right_waist_lateral_half_width": 0.046116229,
        "right_width": 0.099839687
    },
    "size_gender": "male"
}