{
    "measurements": {
        "left_ankle_wrap": 0.22528107,
        "left_arch_height": 0.01527661,
        "left_back_arch_gap_90": 0.0084725544,
        "left_ball_girth": 0.25373447,
        "left_bauer_fit": 0.51054358,
        "left_forefoot_height": 0.035092257,
        "left_heel_to_ball": 0.19270676,
        "left_heel_width": 0.065116271,
        "left_height_80": 0.035092257,
        "left_height_90": 0.026435217,
        "left_instep_girth": 0.25533795,
        "left_instep_height": 0.065209411,
        "left_lateral_half_width": 0.059870292,
        "left_lateral_half_width_44": 0.048050966,
        "left_lateral_half_width_50": 0.053656433,
        "left_lateral_half_width_58": 0.057417531,
        "left_lateral_half_width_66": 0.059606358,
        "left_lateral_half_width_74": 0.057664223,
        "left_lateral_half_width_82": 0.0483208,
        "left_lateral_half_width_90": 0.036676362,
        "left_length": 0.26489362,
        "left_medial_half_width": 0.042978249,
        "left_medial_half_width_44": 0.038611647,
        "left_medial_half_width_50": 0.037794489,
        "left_medial_half_width_58": 0.0378697,
        "left_medial_half_width_66": 0.039728645,
        "left_medial_half_width_74": 0.042757735,
        "left_medial_half_width_82": 0.037307087,
        "left_medial_half_width_90": 0.03459876,
        "left_plastic_height": 0.15113495,
        "left_short_heel_girth": 0.33548459,
        "left_waist_girth": 0.25324118,
        "left_waist_lateral_half_width": 0.045282789,
        "left_width": 0.10284854,
        "right_ankle_wrap": 0.22641385,
        "right_arch_height": 0.014719688,
        "right_back_arch_gap_90": 0.009352861,
        "right_ball_girth": 0.25604528,
        "right_bauer_fit": 0.51524037,
        "right_forefoot_height": 0.0327313,
        "right_heel_to_ball": 0.19515365,
        "right_heel_width": 0.066649348,
        "right_height_80": 0.0327313,
        "right_height_90": 0.02486518,
        "right_instep_girth": 0.25551119,
        "right_instep_height": 0.062911972,
        "right_lateral_half_width": 0.061261334,
        "right_lateral_half_width_44": 0.050565522,
        "right_lateral_half_width_50": 0.05600762,
        "right_lateral_half_width_58": 0.059727162,
        "right_lateral_half_width_66": 0.059999689,
        "right_lateral_half_width_74": 0.056785647,
        "right_lateral_half_width_82": 0.047060192,
        "right_lateral_half_width_90": 0.031920742,
        "right_length": 0.26233336,
        "right_medial_half_width": 0.043202493,
        "right_medial_half_width_44": 0.036697712,
        "right_medial_half_width_50": 0.03583299,
        "right_medial_half_width_58": 0.036315855,
        "right_medial_half_width_66": 0.039992236,
        "right_medial_half_width_74": 0.043197367,
        "right_medial_half_width_82": 0.038170151,
        "right_medial_half_width_90": 0.03686776,
        "right_plastic_height": 0.15146412,
        "right_short_heel_girth": 0.33653009,
        "right_waist_girth": 0.25264141,
        "right_waist_lateral_half_width": 0.04769529,
        "right_width": 0.10446383
    },
    "size_gender": "male"
}