{
    "measurements": {
        "left_ankle_wrap": 0.17524494,
        "left_arch_height": 0.00437173,
        "left_back_arch_gap_90": 0.0052515725,
        "left_ball_girth": 0.18015873,
        "left_bauer_fit": 0.3560693,
        "left_forefoot_height": 0.024154413,
        "left_heel_to_ball": 0.14073026,
        "left_heel_width": 0.047954507,
        "left_height_80": 0.024154413,
        "left_height_90": 0.018845467,
        "left_instep_girth": 0.17825222,
        "left_instep_height": 0.040235132,
        "left_lateral_half_width": 0.04213132,
        "left_lateral_half_width_44": 0.034525733,
        "left_lateral_half_width_50": 0.037452742,
        "left_lateral_half_width_58": 0.040614322,
        "left_lateral_half_width_66": 0.042154927,
        "left_lateral_half_width_74": 0.039491128,
        "left_lateral_half_width_82": 0.032156594,
        "left_lateral_half_width_90": 0.015229382,
        "left_length": 0.18625084,
        "left_medial_half_width": 0.030809594,
        "left_medial_half_width_44": 0.028988313,
        "left_medial_half_width_50": 0.027681896,
        "left_medial_half_width_58": 0.027626688,
        "left_medial_half_width_66": 0.028073248,
        "left_medial_half_width_74": 0.030738512,
        "left_medial_half_width_82": 0.029353576,
        "left_medial_half_width_90": 0.026249086,
        "left_plastic_height": 0.15193751,
        "left_short_heel_girth": 0.23285012,
        "left_waist_girth": 0.18020779,
        "left_waist_lateral_half_width": 0.032645911,
        "left_width": 0.072940916,
        "right_ankle_wrap": 0.17815016,
        "right_arch_height": 0.0079911184,
        "right_back_arch_gap_90": 0.0035705448,
        "right_ball_girth": 0.18138638,
        "right_bauer_fit": 0.36058527,
        "right_forefoot_height": 0.023685146,
        "right_heel_to_ball": 0.14646393,
        "right_heel_width": 0.046581436,
        "right_height_80": 0.023685146,
        "right_height_90": 0.018087182,
        "right_instep_girth": 0.1803816,
        "right_instep_height": 0.0414613,
        "right_lateral_half_width": 0.044084806,
        "right_lateral_half_width_44": 0.035190716,
        "right_lateral_half_width_50": 0.037976038,
        "right_lateral_half_width_58": 0.041995946,
        "right_lateral_half_width_66": 0.043860063,
        "right_lateral_half_width_74": 0.040619221,
        "right_lateral_half_width_82": 0.031277448,
        "right_lateral_half_width_90": 0.016084716,
        "right_length": 0.18410669,
        "right_medial_half_width": 0.029615885,
        "right_medial_half_width_44": 0.02913717,
        "right_medial_half_width_50": 0.028475117,
        "right_medial_half_width_58": 0.02845465,
        "right_medial_half_width_66": 0.029196104,
        "right_medial_half_width_74": 0.029611902,
        "right_medial_half_width_82": 0.029317738,
        "right_medial_half_width_90": 0.026961179,
        "right_plastic_height": 0.15074454,
        "right_short_heel_girth": 0.23431917,
        "right_waist_girth": 0.18107936,
        "right_waist_lateral_half_width": 0.033437978,
        "right_width": 0.073700689
    },
    "size_gender": null
}