{
    "measurements": {
        "left_ankle_wrap": 0.2212746,
        "left_arch_height": 0.01392583,
        "left_back_arch_gap_90": 0.01222269,
        "left_ball_girth": 0.23727359,
        "left_bauer_fit": 0.47073379,
        "left_forefoot_height": 0.031570286,
        "left_heel_to_ball": 0.17146665,
        "left_heel_width": 0.06652841,
        "left_height_80": 0.031570286,
        "left_height_90": 0.022557275,
        "left_instep_girth": 0.24597742,
        "left_instep_height": 0.0641874,
        "left_lateral_half_width": 0.055770848,
        "left_lateral_half_width_44": 0.046529204,
        "left_lateral_half_width_50": 0.051463772,
        "left_lateral_half_width_58": 0.0554922,
        "left_lateral_half_width_66": 0.05544417,
        "left_lateral_half_width_74": 0.055025131,
        "left_lateral_half_width_82": 0.048331387,
        "left_lateral_half_width_90": 0.034963269,
        "left_length": 0.23946948,
        "left_medial_half_width": 0.038119774,
        "left_medial_half_width_44": 0.031505324,
        "left_medial_half_width_50": 0.032729995,
        "left_medial_half_width_58": 0.035830475,
        "left_medial_half_width_66": 0.036946017,
        "left_medial_half_width_74": 0.037778463,
        "left_medial_half_width_82": 0.035847113,
        "left_medial_half_width_90": 0.033986829,
        "left_plastic_height": 0.15193263,
        "left_short_heel_girth": 0.32631731,
        "left_waist_girth": 0.23927782,
        "left_waist_lateral_half_width": 0.044166792,
        "left_width": 0.093890622,
        "right_ankle_wrap": 0.21811232,
        "right_arch_height": 0.013429716,
        "right_back_arch_gap_90": 0.011175211,
        "right_ball_girth": 0.23800272,
        "right_bauer_fit": 0.46946529,
        "right_forefoot_height": 0.031709068,
        "right_heel_to_ball": 0.1879693,
        "right_heel_width": 0.062485315,
        "right_height_80": 0.031709068,
        "right_height_90": 0.022523355,
        "right_instep_girth": 0.23851928,
        "right_instep_height": 0.0625916,
        "right_lateral_half_width": 0.055100083,
        "right_lateral_half_width_44": 0.04748594,
        "right_lateral_half_width_50": 0.050676696,
        "right_lateral_half_width_58": 0.05428597,
        "right_lateral_half_width_66": 0.05467841,
        "right_lateral_half_width_74": 0.054500207,
        "right_lateral_half_width_82": 0.045842707,
        "right_lateral_half_width_90": 0.03215396,
        "right_length": 0.23675188,
        "right_medial_half_width": 0.038866125,
        "right_medial_half_width_44": 0.031144546,
        "right_medial_half_width_50": 0.031851795,
        "right_medial_half_width_58": 0.033880796,
        "right_medial_half_width_66": 0.036453735,
        "right_medial_half_width_74": 0.038469922,
        "right_medial_half_width_82": 0.039033588,
        "right_medial_half_width_90": 0.036530755,
        "right_plastic_height": 0.15166394,
        "right_short_heel_girth": 0.31794453,
        "right_waist_girth": 0.23788798,
        "right_waist_lateral_half_width": 0.045181129,
        "right_width": 0.093966208
    },
    "size_gender": "female"
}