{
    "measurements": {
        "left_ankle_wrap": 0.21146789,
        "left_arch_height": 0.010588076,
        "left_back_arch_gap_90": 0.0045872973,
        "left_ball_girth": 0.20390566,
        "left_bauer_fit": 0.40004912,
        "left_forefoot_height": 0.026976271,
        "left_heel_to_ball": 0.1449921,
        "left_heel_width": 0.050968163,
        "left_height_80": 0.026976271,
        "left_height_90": 0.018379973,
        "left_instep_girth": 0.20528693,
        "left_instep_height": 0.0518704,
        "left_lateral_half_width": 0.047492508,
        "left_lateral_half_width_44": 0.038974971,
        "left_lateral_half_width_50": 0.042039953,
        "left_lateral_half_width_58": 0.045679681,
        "left_lateral_half_width_66": 0.047064971,
        "left_lateral_half_width_74": 0.046923008,
        "left_lateral_half_width_82": 0.03902996,
        "left_lateral_half_width_90": 0.024637045,
        "left_length": 0.19130626,
        "left_medial_half_width": 0.032918282,
        "left_medial_half_width_44": 0.031811662,
        "left_medial_half_width_50": 0.030466393,
        "left_medial_half_width_58": 0.031055477,
        "left_medial_half_width_66": 0.031369574,
        "left_medial_half_width_74": 0.0327503,
        "left_medial_half_width_82": 0.032148194,
        "left_medial_half_width_90": 0.02987865,
        "left_plastic_height": 0.15183659,
        "left_short_heel_girth": 0.26233119,
        "left_waist_girth": 0.20404816,
        "left_waist_lateral_half_width": 0.037125979,
        "left_width": 0.080410793,
        "right_ankle_wrap": 0.20626192,
        "right_arch_height": 0.011688123,
        "right_back_arch_gap_90": 0.013925788,
        "right_ball_girth": 0.2011409,
        "right_bauer_fit": 0.39672312,
        "right_forefoot_height": 0.026663383,
        "right_heel_to_ball": 0.14812414,
        "right_heel_width": 0.049954221,
        "right_height_80": 0.026663383,
        "right_height_90": 0.018222755,
        "right_instep_girth": 0.20037384,
        "right_instep_height": 0.050251119,
        "right_lateral_half_width": 0.047841057,
        "right_lateral_half_width_44": 0.038757067,
        "right_lateral_half_width_50": 0.041197073,
        "right_lateral_half_width_58": 0.043947041,
        "right_lateral_half_width_66": 0.047523782,
        "right_lateral_half_width_74": 0.0467034,
        "right_lateral_half_width_82": 0.039962385,
        "right_lateral_half_width_90": 0.024551023,
        "right_length": 0.191535,
        "right_medial_half_width": 0.032175571,
        "right_medial_half_width_44": 0.030893754,
        "right_medial_half_width_50": 0.02994615,
        "right_medial_half_width_58": 0.031307328,
        "right_medial_half_width_66": 0.031687919,
        "right_medial_half_width_74": 0.031798169,
        "right_medial_half_width_82": 0.031716749,
        "right_medial_half_width_90": 0.030520352,
        "right_plastic_height": 0.15066567,
        "right_short_heel_girth": 0.26403165,
        "right_waist_girth": 0.202176,
        "right_waist_lateral_half_width": 0.036898844,
        "right_width": 0.080016628
    },
    "size_gender": "female"
}