{
    "measurements": {
        "left_ankle_wrap": 0.18344718,
        "left_arch_height": 0.0061743264,
        "left_back_arch_gap_90": 0.00034608346,
        "left_ball_girth": 0.18273818,
        "left_bauer_fit": 0.36027381,
        "left_forefoot_height": 0.023662861,
        "left_heel_to_ball": 0.13986345,
        "left_heel_width": 0.050480448,
        "left_height_80": 0.023662861,
        "left_height_90": 0.01887051,
        "left_instep_girth": 0.18525746,
        "left_instep_height": 0.043373086,
        "left_lateral_half_width": 0.042961951,
        "left_lateral_half_width_44": 0.038324147,
        "left_lateral_half_width_50": 0.040374003,
        "left_lateral_half_width_58": 0.041785963,
        "left_lateral_half_width_66": 0.04278237,
        "left_lateral_half_width_74": 0.042949963,
        "left_lateral_half_width_82": 0.037690308,
        "left_lateral_half_width_90": 0.023390295,
        "left_length": 0.17496186,
        "left_medial_half_width": 0.030225279,
        "left_medial_half_width_44": 0.028824916,
        "left_medial_half_width_50": 0.02803088,
        "left_medial_half_width_58": 0.027969314,
        "left_medial_half_width_66": 0.028501457,
        "left_medial_half_width_74": 0.029006574,
        "left_medial_half_width_82": 0.030557619,
        "left_medial_half_width_90": 0.029089443,
        "left_plastic_height": 0.15101676,
        "left_short_heel_girth": 0.22678576,
        "left_waist_girth": 0.19015048,
        "left_waist_lateral_half_width": 0.036579415,
        "left_width": 0.073187232,
        "right_ankle_wrap": 0.17721552,
        "right_arch_height": 0.0062292633,
        "right_back_arch_gap_90": -0.00041865133,
        "right_ball_girth": 0.18607152,
        "right_bauer_fit": 0.36896002,
        "right_forefoot_height": 0.024154795,
        "right_heel_to_ball": 0.13982545,
        "right_heel_width": 0.051066674,
        "right_height_80": 0.024154795,
        "right_height_90": 0.019352341,
        "right_instep_girth": 0.19081518,
        "right_instep_height": 0.043465059,
        "right_lateral_half_width": 0.043800071,
        "right_lateral_half_width_44": 0.038866293,
        "right_lateral_half_width_50": 0.041785065,
        "right_lateral_half_width_58": 0.043381017,
        "right_lateral_half_width_66": 0.043651983,
        "right_lateral_half_width_74": 0.043574087,
        "right_lateral_half_width_82": 0.03596982,
        "right_lateral_half_width_90": 0.0249839,
        "right_length": 0.17616525,
        "right_medial_half_width": 0.031371977,
        "right_medial_half_width_44": 0.028778158,
        "right_medial_half_width_50": 0.028679062,
        "right_medial_half_width_58": 0.028861716,
        "right_medial_half_width_66": 0.02905813,
        "right_medial_half_width_74": 0.029796753,
        "right_medial_half_width_82": 0.031340435,
        "right_medial_half_width_90": 0.029335853,
        "right_plastic_height": 0.15134495,
        "right_short_heel_girth": 0.22780368,
        "right_waist_girth": 0.1919612,
        "right_waist_lateral_half_width": 0.036803741,
        "right_width": 0.075172052
    },
    "size_gender": null
}