{
    "measurements": {
        "left_ankle_wrap": 0.23411298,
        "left_arch_height": 0.011552843,
        "left_back_arch_gap_90": 0.0079280157,
        "left_ball_girth": 0.24962528,
        "left_bauer_fit": 0.48396027,
        "left_forefoot_height": 0.034892231,
        "left_heel_to_ball": 0.18994831,
        "left_heel_width": 0.069166213,
        "left_height_80": 0.034892231,
        "left_height_90": 0.027431823,
        "left_instep_girth": 0.25863251,
        "left_instep_height": 0.063259013,
        "left_lateral_half_width": 0.058512133,
        "left_lateral_half_width_44": 0.047755789,
        "left_lateral_half_width_50": 0.053330164,
        "left_lateral_half_width_58": 0.057362631,
        "left_lateral_half_width_66": 0.057841178,
        "left_lateral_half_width_74": 0.057565633,
        "left_lateral_half_width_82": 0.050579008,
        "left_lateral_half_width_90": 0.0372108,
        "left_length": 0.2776925,
        "left_medial_half_width": 0.038647514,
        "left_medial_half_width_44": 0.04119505,
        "left_medial_half_width_50": 0.040240671,
        "left_medial_half_width_58": 0.039254256,
        "left_medial_half_width_66": 0.038544085,
        "left_medial_half_width_74": 0.038277034,
        "left_medial_half_width_82": 0.036770079,
        "left_medial_half_width_90": 0.037682537,
        "left_plastic_height": 0.15244783,
        "left_short_heel_girth": 0.341281,
        "left_waist_girth": 0.25915769,
        "left_waist_lateral_half_width": 0.0451598,
        "left_width": 0.097159646,
        "right_ankle_wrap": 0.23106992,
        "right_arch_height": 0.014869794,
        "right_back_arch_gap_90": 0.0089592831,
        "right_ball_girth": 0.25080618,
        "right_bauer_fit": 0.48983437,
        "right_forefoot_height": 0.034597129,
        "right_heel_to_ball": 0.20284982,
        "right_heel_width": 0.068836316,
        "right_height_80": 0.034597129,
        "right_height_90": 0.026638642,
        "right_instep_girth": 0.25629279,
        "right_instep_height": 0.063054852,
        "right_lateral_half_width": 0.05864577,
        "right_lateral_half_width_44": 0.049357623,
        "right_lateral_half_width_50": 0.054543417,
        "right_lateral_half_width_58": 0.057707258,
        "right_lateral_half_width_66": 0.058600284,
        "right_lateral_half_width_74": 0.057388797,
        "right_lateral_half_width_82": 0.046234097,
        "right_lateral_half_width_90": 0.033119414,
        "right_length": 0.27670717,
        "right_medial_half_width": 0.039917629,
        "right_medial_half_width_44": 0.040802851,
        "right_medial_half_width_50": 0.039072391,
        "right_medial_half_width_58": 0.038569968,
        "right_medial_half_width_66": 0.039051134,
        "right_medial_half_width_74": 0.0398939,
        "right_medial_half_width_82": 0.039931715,
        "right_medial_half_width_90": 0.0394574,
        "right_plastic_height": 0.15277781,
        "right_short_heel_girth": 0.34130239,
        "right_waist_girth": 0.25807881,
        "right_waist_lateral_half_width": 0.046600409,
        "right_width": 0.0985634
    },
    "size_gender": "male"
}