{
    "measurements": {
        "left_ankle_wrap": 0.2254329,
        "left_arch_height": 0.0062697339,
        "left_back_arch_gap_90": 0.01329311,
        "left_ball_girth": 0.23670679,
        "left_bauer_fit": 0.46501219,
        "left_forefoot_height": 0.032926951,
        "left_heel_to_ball": 0.17160162,
        "left_heel_width": 0.067720674,
        "left_height_80": 0.032926951,
        "left_height_90": 0.025085857,
        "left_instep_girth": 0.2481339,
        "left_instep_height": 0.056063041,
        "left_lateral_half_width": 0.056672193,
        "left_lateral_half_width_44": 0.049694225,
        "left_lateral_half_width_50": 0.052615751,
        "left_lateral_half_width_58": 0.055548619,
        "left_lateral_half_width_66": 0.056506678,
        "left_lateral_half_width_74": 0.05483973,
        "left_lateral_half_width_82": 0.047515146,
        "left_lateral_half_width_90": 0.037536129,
        "left_length": 0.26399249,
        "left_medial_half_width": 0.037773341,
        "left_medial_half_width_44": 0.043188442,
        "left_medial_half_width_50": 0.04183438,
        "left_medial_half_width_58": 0.039367922,
        "left_medial_half_width_66": 0.037652388,
        "left_medial_half_width_74": 0.036578372,
        "left_medial_half_width_82": 0.032141957,
        "left_medial_half_width_90": 0.026762174,
        "left_plastic_height": 0.15255973,
        "left_short_heel_girth": 0.327867,
        "left_waist_girth": 0.25793105,
        "left_waist_lateral_half_width": 0.047615655,
        "left_width": 0.094445534,
        "right_ankle_wrap": 0.22571655,
        "right_arch_height": 0.0090003274,
        "right_back_arch_gap_90": 0.011966119,
        "right_ball_girth": 0.23749158,
        "right_bauer_fit": 0.46670225,
        "right_forefoot_height": 0.031474851,
        "right_heel_to_ball": 0.1887389,
        "right_heel_width": 0.066942453,
        "right_height_80": 0.031474851,
        "right_height_90": 0.023352396,
        "right_instep_girth": 0.24643877,
        "right_instep_height": 0.054832596,
        "right_lateral_half_width": 0.057478577,
        "right_lateral_half_width_44": 0.051986378,
        "right_lateral_half_width_50": 0.054321438,
        "right_lateral_half_width_58": 0.056945376,
        "right_lateral_half_width_66": 0.056211326,
        "right_lateral_half_width_74": 0.055352543,
        "right_lateral_half_width_82": 0.048867632,
        "right_lateral_half_width_90": 0.040005561,
        "right_length": 0.26282448,
        "right_medial_half_width": 0.037641436,
        "right_medial_half_width_44": 0.042202391,
        "right_medial_half_width_50": 0.040772412,
        "right_medial_half_width_58": 0.039508786,
        "right_medial_half_width_66": 0.037456721,
        "right_medial_half_width_74": 0.037522916,
        "right_medial_half_width_82": 0.033352096,
        "right_medial_half_width_90": 0.026763067,
        "right_plastic_height": 0.15135449,
        "right_short_heel_girth": 0.32541883,
        "right_waist_girth": 0.25599563,
        "right_waist_lateral_half_width": 0.049818903,
        "right_width": 0.095120013
    },
    "size_gender": "male"
}