{
    "measurements": {
        "left_ankle_wrap": 0.17825195,
        "left_arch_height": 0.010010195,
        "left_back_arch_gap_90": 0.011623997,
        "left_ball_girth": 0.1977562,
        "left_bauer_fit": 0.39582485,
        "left_forefoot_height": 0.025774824,
        "left_heel_to_ball": 0.1490792,
        "left_heel_width": 0.051558085,
        "left_height_80": 0.025774824,
        "left_height_90": 0.019385166,
        "left_instep_girth": 0.20132548,
        "left_instep_height": 0.04849283,
        "left_lateral_half_width": 0.048296511,
        "left_lateral_half_width_44": 0.036161769,
        "left_lateral_half_width_50": 0.040411938,
        "left_lateral_half_width_58": 0.045069989,
        "left_lateral_half_width_66": 0.047419019,
        "left_lateral_half_width_74": 0.047563095,
        "left_lateral_half_width_82": 0.044039592,
        "left_lateral_half_width_90": 0.029738137,
        "left_length": 0.20446202,
        "left_medial_half_width": 0.031918738,
        "left_medial_half_width_44": 0.032384761,
        "left_medial_half_width_50": 0.031672679,
        "left_medial_half_width_58": 0.031735085,
        "left_medial_half_width_66": 0.031608831,
        "left_medial_half_width_74": 0.031864341,
        "left_medial_half_width_82": 0.030355576,
        "left_medial_half_width_90": 0.028544441,
        "left_plastic_height": 0.15074539,
        "left_short_heel_girth": 0.26009893,
        "left_waist_girth": 0.20014618,
        "left_waist_lateral_half_width": 0.034602426,
        "left_width": 0.080215245,
        "right_ankle_wrap": 0.17312425,
        "right_arch_height": 0.013700171,
        "right_back_arch_gap_90": 0.011169925,
        "right_ball_girth": 0.20225181,
        "right_bauer_fit": 0.40435976,
        "right_forefoot_height": 0.026471311,
        "right_heel_to_ball": 0.14873692,
        "right_heel_width": 0.051617078,
        "right_height_80": 0.026471311,
        "right_height_90": 0.018677974,
        "right_instep_girth": 0.19971061,
        "right_instep_height": 0.050606523,
        "right_lateral_half_width": 0.047571879,
        "right_lateral_half_width_44": 0.036672115,
        "right_lateral_half_width_50": 0.040936787,
        "right_lateral_half_width_58": 0.045242749,
        "right_lateral_half_width_66": 0.04662478,
        "right_lateral_half_width_74": 0.047564093,
        "right_lateral_half_width_82": 0.040600665,
        "right_lateral_half_width_90": 0.030468572,
        "right_length": 0.20440559,
        "right_medial_half_width": 0.034126334,
        "right_medial_half_width_44": 0.031871434,
        "right_medial_half_width_50": 0.030299179,
        "right_medial_half_width_58": 0.030493982,
        "right_medial_half_width_66": 0.031156855,
        "right_medial_half_width_74": 0.034076076,
        "right_medial_half_width_82": 0.032295037,
        "right_medial_half_width_90": 0.031114008,
        "right_plastic_height": 0.15154974,
        "right_short_heel_girth": 0.25963774,
        "right_waist_girth": 0.19848908,
        "right_waist_lateral_half_width": 0.034912847,
        "right_width": 0.081698209
    },
    "size_gender": "male"
}