{
    "measurements": {
        "left_ankle_wrap": 0.17721307,
        "left_arch_height": 0.0099914782,
        "left_back_arch_gap_90": 0.011522544,
        "left_ball_girth": 0.19758072,
        "left_bauer_fit": 0.39911872,
        "left_forefoot_height": 0.026208021,
        "left_heel_to_ball": 0.14668255,
        "left_heel_width": 0.051493466,
        "left_height_80": 0.026208021,
        "left_height_90": 0.019574465,
        "left_instep_girth": 0.20221351,
        "left_instep_height": 0.048489049,
        "left_lateral_half_width": 0.049180344,
        "left_lateral_half_width_44": 0.036129925,
        "left_lateral_half_width_50": 0.040788222,
        "left_lateral_half_width_58": 0.045369107,
        "left_lateral_half_width_66": 0.047435634,
        "left_lateral_half_width_74": 0.048512634,
        "left_lateral_half_width_82": 0.044305306,
        "left_lateral_half_width_90": 0.030628217,
        "left_length": 0.20373173,
        "left_medial_half_width": 0.031796481,
        "left_medial_half_width_44": 0.031952471,
        "left_medial_half_width_50": 0.031364948,
        "left_medial_half_width_58": 0.031928062,
        "left_medial_half_width_66": 0.031663354,
        "left_medial_half_width_74": 0.03166841,
        "left_medial_half_width_82": 0.029860737,
        "left_medial_half_width_90": 0.028112115,
        "left_plastic_height": 0.15201184,
        "left_short_heel_girth": 0.26099017,
        "left_waist_girth": 0.19966459,
        "left_waist_lateral_half_width": 0.034657635,
        "left_width": 0.080976829,
        "right_ankle_wrap": 0.18161438,
        "right_arch_height": 0.011597022,
        "right_back_arch_gap_90": 0.010471108,
        "right_ball_girth": 0.20272253,
        "right_bauer_fit": 0.40390003,
        "right_forefoot_height": 0.025571797,
        "right_heel_to_ball": 0.14932913,
        "right_heel_width": 0.05134251,
        "right_height_80": 0.025571797,
        "right_height_90": 0.018512405,
        "right_instep_girth": 0.20368382,
        "right_instep_height": 0.049383182,
        "right_lateral_half_width": 0.048830867,
        "right_lateral_half_width_44": 0.03833219,
        "right_lateral_half_width_50": 0.041923352,
        "right_lateral_half_width_58": 0.046291344,
        "right_lateral_half_width_66": 0.047793075,
        "right_lateral_half_width_74": 0.048402496,
        "right_lateral_half_width_82": 0.041489184,
        "right_lateral_half_width_90": 0.031620242,
        "right_length": 0.20464948,
        "right_medial_half_width": 0.0330437,
        "right_medial_half_width_44": 0.032801852,
        "right_medial_half_width_50": 0.032046117,
        "right_medial_half_width_58": 0.031710874,
        "right_medial_half_width_66": 0.031911615,
        "right_medial_half_width_74": 0.033008594,
        "right_medial_half_width_82": 0.031408757,
        "right_medial_half_width_90": 0.029368751,
        "right_plastic_height": 0.15061344,
        "right_short_heel_girth": 0.26242521,
        "right_waist_girth": 0.20384508,
        "right_waist_lateral_half_width": 0.037003487,
        "right_width": 0.081874564
    },
    "size_gender": "male"
}