{
    "measurements": {
        "left_ankle_wrap": 0.21959893,
        "left_arch_height": 0.020246066,
        "left_back_arch_gap_90": 0.0078900522,
        "left_ball_girth": 0.24185444,
        "left_bauer_fit": 0.48840106,
        "left_forefoot_height": 0.035014566,
        "left_heel_to_ball": 0.21880306,
        "left_heel_width": 0.062455084,
        "left_height_80": 0.035014566,
        "left_height_90": 0.028377706,
        "left_instep_girth": 0.2538645,
        "left_instep_height": 0.069341257,
        "left_lateral_half_width": 0.056491241,
        "left_lateral_half_width_44": 0.047873195,
        "left_lateral_half_width_50": 0.051499147,
        "left_lateral_half_width_58": 0.056257281,
        "left_lateral_half_width_66": 0.054874435,
        "left_lateral_half_width_74": 0.05300105,
        "left_lateral_half_width_82": 0.039392877,
        "left_lateral_half_width_90": 0.026007451,
        "left_length": 0.27580944,
        "left_medial_half_width": 0.040289313,
        "left_medial_half_width_44": 0.033757344,
        "left_medial_half_width_50": 0.034453247,
        "left_medial_half_width_58": 0.0346209,
        "left_medial_half_width_66": 0.036570966,
        "left_medial_half_width_74": 0.038139172,
        "left_medial_half_width_82": 0.041891996,
        "left_medial_half_width_90": 0.045606975,
        "left_plastic_height": 0.15179954,
        "left_short_heel_girth": 0.33373484,
        "left_waist_girth": 0.25115296,
        "left_waist_lateral_half_width": 0.04622269,
        "left_width": 0.096780553,
        "right_ankle_wrap": 0.22089629,
        "right_arch_height": 0.017439418,
        "right_back_arch_gap_90": 0.0082299113,
        "right_ball_girth": 0.24522778,
        "right_bauer_fit": 0.49334863,
        "right_forefoot_height": 0.03376941,
        "right_heel_to_ball": 0.22010703,
        "right_heel_width": 0.066814125,
        "right_height_80": 0.03376941,
        "right_height_90": 0.026301859,
        "right_instep_girth": 0.25822207,
        "right_instep_height": 0.066079505,
        "right_lateral_half_width": 0.058806449,
        "right_lateral_half_width_44": 0.049359627,
        "right_lateral_half_width_50": 0.053579167,
        "right_lateral_half_width_58": 0.058636308,
        "right_lateral_half_width_66": 0.056857962,
        "right_lateral_half_width_74": 0.053495754,
        "right_lateral_half_width_82": 0.042324867,
        "right_lateral_half_width_90": 0.033448029,
        "right_length": 0.27749994,
        "right_medial_half_width": 0.039870024,
        "right_medial_half_width_44": 0.037491165,
        "right_medial_half_width_50": 0.037491959,
        "right_medial_half_width_58": 0.037301756,
        "right_medial_half_width_66": 0.037887949,
        "right_medial_half_width_74": 0.038950659,
        "right_medial_half_width_82": 0.040395014,
        "right_medial_half_width_90": 0.043393515,
        "right_plastic_height": 0.15269434,
        "right_short_heel_girth": 0.33515868,
        "right_waist_girth": 0.25843292,
        "right_waist_lateral_half_width": 0.047222313,
        "right_width": 0.098676473
    },
    "size_gender": "male"
}