{
    "measurements": {
        "left_ankle_wrap": 0.22580303,
        "left_arch_height": 0.016773367,
        "left_back_arch_gap_90": 0.011691987,
        "left_ball_girth": 0.24548252,
        "left_bauer_fit": 0.49321839,
        "left_forefoot_height": 0.036004037,
        "left_heel_to_ball": 0.19146106,
        "left_heel_width": 0.063052841,
        "left_height_80": 0.036004037,
        "left_height_90": 0.025816932,
        "left_instep_girth": 0.23812975,
        "left_instep_height": 0.063955761,
        "left_lateral_half_width": 0.056906208,
        "left_lateral_half_width_44": 0.049344789,
        "left_lateral_half_width_50": 0.053150613,
        "left_lateral_half_width_58": 0.05489378,
        "left_lateral_half_width_66": 0.056402981,
        "left_lateral_half_width_74": 0.056885224,
        "left_lateral_half_width_82": 0.051998205,
        "left_lateral_half_width_90": 0.036125135,
        "left_length": 0.24059565,
        "left_medial_half_width": 0.042230658,
        "left_medial_half_width_44": 0.031217411,
        "left_medial_half_width_50": 0.029430259,
        "left_medial_half_width_58": 0.032029312,
        "left_medial_half_width_66": 0.037587058,
        "left_medial_half_width_74": 0.039996233,
        "left_medial_half_width_82": 0.042105075,
        "left_medial_half_width_90": 0.04000511,
        "left_plastic_height": 0.15212859,
        "left_short_heel_girth": 0.30920759,
        "left_waist_girth": 0.23808429,
        "left_waist_lateral_half_width": 0.047145557,
        "left_width": 0.099136867,
        "right_ankle_wrap": 0.22332743,
        "right_arch_height": 0.013740226,
        "right_back_arch_gap_90": 0.011790916,
        "right_ball_girth": 0.24274682,
        "right_bauer_fit": 0.47640467,
        "right_forefoot_height": 0.033443555,
        "right_heel_to_ball": 0.16795556,
        "right_heel_width": 0.065274291,
        "right_height_80": 0.033443555,
        "right_height_90": 0.02459505,
        "right_instep_girth": 0.24326676,
        "right_instep_height": 0.060499042,
        "right_lateral_half_width": 0.057122532,
        "right_lateral_half_width_44": 0.048557736,
        "right_lateral_half_width_50": 0.051645543,
        "right_lateral_half_width_58": 0.054348376,
        "right_lateral_half_width_66": 0.057080623,
        "right_lateral_half_width_74": 0.056546871,
        "right_lateral_half_width_82": 0.048637558,
        "right_lateral_half_width_90": 0.035791673,
        "right_length": 0.24180266,
        "right_medial_half_width": 0.038929574,
        "right_medial_half_width_44": 0.036935285,
        "right_medial_half_width_50": 0.03709355,
        "right_medial_half_width_58": 0.037024591,
        "right_medial_half_width_66": 0.038042046,
        "right_medial_half_width_74": 0.038330495,
        "right_medial_half_width_82": 0.038056362,
        "right_medial_half_width_90": 0.036838718,
        "right_plastic_height": 0.15165143,
        "right_short_heel_girth": 0.3152647,
        "right_waist_girth": 0.24480845,
        "right_waist_lateral_half_width": 0.04648032,
        "right_width": 0.09605211
    },
    "size_gender": "female"
}