{
    "measurements": {
        "left_ankle_wrap": 0.22149925,
        "left_arch_height": 0.018976996,
        "left_back_arch_gap_90": 0.0068161786,
        "left_ball_girth": 0.24072176,
        "left_bauer_fit": 0.48970595,
        "left_forefoot_height": 0.033635426,
        "left_heel_to_ball": 0.21916689,
        "left_heel_width": 0.064249516,
        "left_height_80": 0.033635426,
        "left_height_90": 0.026508989,
        "left_instep_girth": 0.25501826,
        "left_instep_height": 0.068455689,
        "left_lateral_half_width": 0.0567551,
        "left_lateral_half_width_44": 0.048332226,
        "left_lateral_half_width_50": 0.052005641,
        "left_lateral_half_width_58": 0.056748714,
        "left_lateral_half_width_66": 0.055281173,
        "left_lateral_half_width_74": 0.052021645,
        "left_lateral_half_width_82": 0.040968686,
        "left_lateral_half_width_90": 0.025862826,
        "left_length": 0.2762005,
        "left_medial_half_width": 0.040531334,
        "left_medial_half_width_44": 0.035004828,
        "left_medial_half_width_50": 0.035368811,
        "left_medial_half_width_58": 0.035227671,
        "left_medial_half_width_66": 0.0368434,
        "left_medial_half_width_74": 0.03856799,
        "left_medial_half_width_82": 0.041631833,
        "left_medial_half_width_90": 0.044526991,
        "left_plastic_height": 0.15186331,
        "left_short_heel_girth": 0.33456188,
        "left_waist_girth": 0.25238356,
        "left_waist_lateral_half_width": 0.046395227,
        "left_width": 0.097286433,
        "right_ankle_wrap": 0.21737626,
        "right_arch_height": 0.018672112,
        "right_back_arch_gap_90": 0.0065364689,
        "right_ball_girth": 0.24745342,
        "right_bauer_fit": 0.50110328,
        "right_forefoot_height": 0.034765612,
        "right_heel_to_ball": 0.21898492,
        "right_heel_width": 0.065848827,
        "right_height_80": 0.034765612,
        "right_height_90": 0.026874807,
        "right_instep_girth": 0.26072472,
        "right_instep_height": 0.067229554,
        "right_lateral_half_width": 0.059503835,
        "right_lateral_half_width_44": 0.048981197,
        "right_lateral_half_width_50": 0.053267051,
        "right_lateral_half_width_58": 0.058730088,
        "right_lateral_half_width_66": 0.057931595,
        "right_lateral_half_width_74": 0.053413562,
        "right_lateral_half_width_82": 0.039689343,
        "right_lateral_half_width_90": 0.028416045,
        "right_length": 0.27635285,
        "right_medial_half_width": 0.040697955,
        "right_medial_half_width_44": 0.037308678,
        "right_medial_half_width_50": 0.037272219,
        "right_medial_half_width_58": 0.037691798,
        "right_medial_half_width_66": 0.038605481,
        "right_medial_half_width_74": 0.03914617,
        "right_medial_half_width_82": 0.041776251,
        "right_medial_half_width_90": 0.043035887,
        "right_plastic_height": 0.1529807,
        "right_short_heel_girth": 0.33526269,
        "right_waist_girth": 0.25891292,
        "right_waist_lateral_half_width": 0.047013074,
        "right_width": 0.10020179
    },
    "size_gender": "male"
}