{
    "measurements": {
        "left_ankle_wrap": 0.22194496,
        "left_arch_height": 0.01177521,
        "left_back_arch_gap_90": 0.0074262158,
        "left_ball_girth": 0.23421884,
        "left_bauer_fit": 0.46168745,
        "left_forefoot_height": 0.030611398,
        "left_heel_to_ball": 0.17577103,
        "left_heel_width": 0.059773155,
        "left_height_80": 0.030611398,
        "left_height_90": 0.02331236,
        "left_instep_girth": 0.23418853,
        "left_instep_height": 0.061665069,
        "left_lateral_half_width": 0.05501391,
        "left_lateral_half_width_44": 0.044140838,
        "left_lateral_half_width_50": 0.047524761,
        "left_lateral_half_width_58": 0.051762547,
        "left_lateral_half_width_66": 0.054959644,
        "left_lateral_half_width_74": 0.052850086,
        "left_lateral_half_width_82": 0.050577562,
        "left_lateral_half_width_90": 0.034632016,
        "left_length": 0.24106225,
        "left_medial_half_width": 0.037370015,
        "left_medial_half_width_44": 0.033552472,
        "left_medial_half_width_50": 0.033800591,
        "left_medial_half_width_58": 0.034539334,
        "left_medial_half_width_66": 0.036622517,
        "left_medial_half_width_74": 0.037336472,
        "left_medial_half_width_82": 0.03383692,
        "left_medial_half_width_90": 0.029987236,
        "left_plastic_height": 0.15196884,
        "left_short_heel_girth": 0.29961294,
        "left_waist_girth": 0.23473047,
        "left_waist_lateral_half_width": 0.041934762,
        "left_width": 0.092383921,
        "right_ankle_wrap": 0.23346731,
        "right_arch_height": 0.012260326,
        "right_back_arch_gap_90": 0.004163892,
        "right_ball_girth": 0.238004,
        "right_bauer_fit": 0.47503045,
        "right_forefoot_height": 0.029420005,
        "right_heel_to_ball": 0.17703366,
        "right_heel_width": 0.059789237,
        "right_height_80": 0.029420005,
        "right_height_90": 0.021311767,
        "right_instep_girth": 0.23459813,
        "right_instep_height": 0.06019783,
        "right_lateral_half_width": 0.056330975,
        "right_lateral_half_width_44": 0.0456002,
        "right_lateral_half_width_50": 0.049403258,
        "right_lateral_half_width_58": 0.053983461,
        "right_lateral_half_width_66": 0.056260336,
        "right_lateral_half_width_74": 0.054076,
        "right_lateral_half_width_82": 0.047682874,
        "right_lateral_half_width_90": 0.029327532,
        "right_length": 0.23883349,
        "right_medial_half_width": 0.039473329,
        "right_medial_half_width_44": 0.031964555,
        "right_medial_half_width_50": 0.032864325,
        "right_medial_half_width_58": 0.035183158,
        "right_medial_half_width_66": 0.03748513,
        "right_medial_half_width_74": 0.039469637,
        "right_medial_half_width_82": 0.035598096,
        "right_medial_half_width_90": 0.032587003,
        "right_plastic_height": 0.15364876,
        "right_short_heel_girth": 0.29507214,
        "right_waist_girth": 0.2339754,
        "right_waist_lateral_half_width": 0.043732245,
        "right_width": 0.095804304
    },
    "size_gender": "female"
}