{
    "measurements": {
        "left_ankle_wrap": 0.23073427,
        "left_arch_height": 0.0067857392,
        "left_back_arch_gap_90": 0.0074875061,
        "left_ball_girth": 0.23116446,
        "left_bauer_fit": 0.45745793,
        "left_forefoot_height": 0.027281102,
        "left_heel_to_ball": 0.1821665,
        "left_heel_width": 0.06778004,
        "left_height_80": 0.027281102,
        "left_height_90": 0.020668468,
        "left_instep_girth": 0.235186,
        "left_instep_height": 0.0531553,
        "left_lateral_half_width": 0.056091953,
        "left_lateral_half_width_44": 0.048008941,
        "left_lateral_half_width_50": 0.051723074,
        "left_lateral_half_width_58": 0.055241305,
        "left_lateral_half_width_66": 0.055589963,
        "left_lateral_half_width_74": 0.05283612,
        "left_lateral_half_width_82": 0.044552088,
        "left_lateral_half_width_90": 0.035827529,
        "left_length": 0.24831454,
        "left_medial_half_width": 0.037280485,
        "left_medial_half_width_44": 0.037475385,
        "left_medial_half_width_50": 0.036475323,
        "left_medial_half_width_58": 0.036990944,
        "left_medial_half_width_66": 0.037031017,
        "left_medial_half_width_74": 0.037225094,
        "left_medial_half_width_82": 0.036130734,
        "left_medial_half_width_90": 0.033942319,
        "left_plastic_height": 0.15178788,
        "left_short_heel_girth": 0.30451357,
        "left_waist_girth": 0.23833618,
        "left_waist_lateral_half_width": 0.045435164,
        "left_width": 0.093372434,
        "right_ankle_wrap": 0.22272819,
        "right_arch_height": 0.011338877,
        "right_back_arch_gap_90": 0.0093259057,
        "right_ball_girth": 0.2316858,
        "right_bauer_fit": 0.46358138,
        "right_forefoot_height": 0.026251681,
        "right_heel_to_ball": 0.1872156,
        "right_heel_width": 0.069055788,
        "right_height_80": 0.026251681,
        "right_height_90": 0.017846519,
        "right_instep_girth": 0.23241448,
        "right_instep_height": 0.053198192,
        "right_lateral_half_width": 0.05576716,
        "right_lateral_half_width_44": 0.045520071,
        "right_lateral_half_width_50": 0.0498385,
        "right_lateral_half_width_58": 0.053553518,
        "right_lateral_half_width_66": 0.054750219,
        "right_lateral_half_width_74": 0.051415462,
        "right_lateral_half_width_82": 0.04095602,
        "right_lateral_half_width_90": 0.026373591,
        "right_length": 0.24642524,
        "right_medial_half_width": 0.03900956,
        "right_medial_half_width_44": 0.038341075,
        "right_medial_half_width_50": 0.037291791,
        "right_medial_half_width_58": 0.036207687,
        "right_medial_half_width_66": 0.036479693,
        "right_medial_half_width_74": 0.038690239,
        "right_medial_half_width_82": 0.038484342,
        "right_medial_half_width_90": 0.037458371,
        "right_plastic_height": 0.15150999,
        "right_short_heel_girth": 0.30788434,
        "right_waist_girth": 0.23411898,
        "right_waist_lateral_half_width": 0.042502783,
        "right_width": 0.09477672
    },
    "size_gender": "female"
}