{
    "measurements": {
        "left_ankle_wrap": 0.21492295,
        "left_arch_height": 0.0079996372,
        "left_back_arch_gap_90": 0.00664678,
        "left_ball_girth": 0.21689686,
        "left_bauer_fit": 0.43053153,
        "left_forefoot_height": 0.026672274,
        "left_heel_to_ball": 0.17136568,
        "left_heel_width": 0.060593329,
        "left_height_80": 0.026672274,
        "left_height_90": 0.021351704,
        "left_instep_girth": 0.21725148,
        "left_instep_height": 0.052200817,
        "left_lateral_half_width": 0.052357256,
        "left_lateral_half_width_44": 0.0430101,
        "left_lateral_half_width_50": 0.046650063,
        "left_lateral_half_width_58": 0.051305268,
        "left_lateral_half_width_66": 0.050656363,
        "left_lateral_half_width_74": 0.046733033,
        "left_lateral_half_width_82": 0.037213698,
        "left_lateral_half_width_90": 0.0220678,
        "left_length": 0.23565051,
        "left_medial_half_width": 0.03501704,
        "left_medial_half_width_44": 0.030924607,
        "left_medial_half_width_50": 0.030526498,
        "left_medial_half_width_58": 0.031974077,
        "left_medial_half_width_66": 0.033754632,
        "left_medial_half_width_74": 0.035002779,
        "left_medial_half_width_82": 0.034557983,
        "left_medial_half_width_90": 0.031640768,
        "left_plastic_height": 0.15283671,
        "left_short_heel_girth": 0.29264015,
        "left_waist_girth": 0.21878134,
        "left_waist_lateral_half_width": 0.041138053,
        "left_width": 0.0873743,
        "right_ankle_wrap": 0.22020292,
        "right_arch_height": 0.010974508,
        "right_back_arch_gap_90": 0.0051204744,
        "right_ball_girth": 0.21800087,
        "right_bauer_fit": 0.43362942,
        "right_forefoot_height": 0.026805736,
        "right_heel_to_ball": 0.16343296,
        "right_heel_width": 0.063270114,
        "right_height_80": 0.026805736,
        "right_height_90": 0.021362836,
        "right_instep_girth": 0.21843131,
        "right_instep_height": 0.051248211,
        "right_lateral_half_width": 0.053247411,
        "right_lateral_half_width_44": 0.043029837,
        "right_lateral_half_width_50": 0.047077719,
        "right_lateral_half_width_58": 0.052733544,
        "right_lateral_half_width_66": 0.052168913,
        "right_lateral_half_width_74": 0.049233463,
        "right_lateral_half_width_82": 0.03980276,
        "right_lateral_half_width_90": 0.02534206,
        "right_length": 0.23443364,
        "right_medial_half_width": 0.035062335,
        "right_medial_half_width_44": 0.034740057,
        "right_medial_half_width_50": 0.033917978,
        "right_medial_half_width_58": 0.033320919,
        "right_medial_half_width_66": 0.034751635,
        "right_medial_half_width_74": 0.03442404,
        "right_medial_half_width_82": 0.031565852,
        "right_medial_half_width_90": 0.028264742,
        "right_plastic_height": 0.15243149,
        "right_short_heel_girth": 0.29067194,
        "right_waist_girth": 0.22083373,
        "right_waist_lateral_half_width": 0.0414579,
        "right_width": 0.08830975
    },
    "size_gender": "female"
}