{
    "measurements": {
        "left_ankle_wrap": 0.21725354,
        "left_arch_height": 0.0097511811,
        "left_back_arch_gap_90": 0.0055483496,
        "left_ball_girth": 0.2018742,
        "left_bauer_fit": 0.39584222,
        "left_forefoot_height": 0.027028345,
        "left_heel_to_ball": 0.14573185,
        "left_heel_width": 0.049817272,
        "left_height_80": 0.027028345,
        "left_height_90": 0.01830698,
        "left_instep_girth": 0.20219916,
        "left_instep_height": 0.051690679,
        "left_lateral_half_width": 0.047082439,
        "left_lateral_half_width_44": 0.03851397,
        "left_lateral_half_width_50": 0.04170832,
        "left_lateral_half_width_58": 0.044698872,
        "left_lateral_half_width_66": 0.045928646,
        "left_lateral_half_width_74": 0.0466924,
        "left_lateral_half_width_82": 0.0386692,
        "left_lateral_half_width_90": 0.025187284,
        "left_length": 0.18963881,
        "left_medial_half_width": 0.032398291,
        "left_medial_half_width_44": 0.031425525,
        "left_medial_half_width_50": 0.029943274,
        "left_medial_half_width_58": 0.030025855,
        "left_medial_half_width_66": 0.030551428,
        "left_medial_half_width_74": 0.03205644,
        "left_medial_half_width_82": 0.031705547,
        "left_medial_half_width_90": 0.029998995,
        "left_plastic_height": 0.15091674,
        "left_short_heel_girth": 0.26197833,
        "left_waist_girth": 0.20320006,
        "left_waist_lateral_half_width": 0.036595449,
        "left_width": 0.07948073,
        "right_ankle_wrap": 0.21572612,
        "right_arch_height": 0.01057034,
        "right_back_arch_gap_90": 0.010500385,
        "right_ball_girth": 0.19965471,
        "right_bauer_fit": 0.39225793,
        "right_forefoot_height": 0.026830513,
        "right_heel_to_ball": 0.15040606,
        "right_heel_width": 0.050176755,
        "right_height_80": 0.026830513,
        "right_height_90": 0.017935209,
        "right_instep_girth": 0.20034295,
        "right_instep_height": 0.050362032,
        "right_lateral_half_width": 0.047253307,
        "right_lateral_half_width_44": 0.037992209,
        "right_lateral_half_width_50": 0.040975567,
        "right_lateral_half_width_58": 0.0432822,
        "right_lateral_half_width_66": 0.046882819,
        "right_lateral_half_width_74": 0.046972435,
        "right_lateral_half_width_82": 0.039734237,
        "right_lateral_half_width_90": 0.024287729,
        "right_length": 0.19019179,
        "right_medial_half_width": 0.031706482,
        "right_medial_half_width_44": 0.031682108,
        "right_medial_half_width_50": 0.030966606,
        "right_medial_half_width_58": 0.030960195,
        "right_medial_half_width_66": 0.031251673,
        "right_medial_half_width_74": 0.031303637,
        "right_medial_half_width_82": 0.031329639,
        "right_medial_half_width_90": 0.029877249,
        "right_plastic_height": 0.1519821,
        "right_short_heel_girth": 0.26441273,
        "right_waist_girth": 0.20337035,
        "right_waist_lateral_half_width": 0.036493845,
        "right_width": 0.078959793
    },
    "size_gender": "female"
}