{
    "measurements": {
        "left_ankle_wrap": 0.22595637,
        "left_arch_height": 0.016988197,
        "left_back_arch_gap_90": 0.0070067146,
        "left_ball_girth": 0.2425945,
        "left_bauer_fit": 0.49331,
        "left_forefoot_height": 0.032904461,
        "left_heel_to_ball": 0.22020693,
        "left_heel_width": 0.061116256,
        "left_height_80": 0.032904461,
        "left_height_90": 0.025462408,
        "left_instep_girth": 0.25520235,
        "left_instep_height": 0.067390561,
        "left_lateral_half_width": 0.056413174,
        "left_lateral_half_width_44": 0.047786888,
        "left_lateral_half_width_50": 0.051901169,
        "left_lateral_half_width_58": 0.056291245,
        "left_lateral_half_width_66": 0.05582983,
        "left_lateral_half_width_74": 0.051645692,
        "left_lateral_half_width_82": 0.038977172,
        "left_lateral_half_width_90": 0.024712218,
        "left_length": 0.27647051,
        "left_medial_half_width": 0.0419516,
        "left_medial_half_width_44": 0.035120785,
        "left_medial_half_width_50": 0.035584524,
        "left_medial_half_width_58": 0.035321262,
        "left_medial_half_width_66": 0.037203044,
        "left_medial_half_width_74": 0.038867448,
        "left_medial_half_width_82": 0.0432044,
        "left_medial_half_width_90": 0.047082223,
        "left_plastic_height": 0.15274906,
        "left_short_heel_girth": 0.33435798,
        "left_waist_girth": 0.25250396,
        "left_waist_lateral_half_width": 0.046072468,
        "left_width": 0.09836477,
        "right_ankle_wrap": 0.22225328,
        "right_arch_height": 0.017965704,
        "right_back_arch_gap_90": 0.0091002313,
        "right_ball_girth": 0.24630576,
        "right_bauer_fit": 0.49586758,
        "right_forefoot_height": 0.034030914,
        "right_heel_to_ball": 0.22201981,
        "right_heel_width": 0.066541642,
        "right_height_80": 0.034030914,
        "right_height_90": 0.027021283,
        "right_instep_girth": 0.25855291,
        "right_instep_height": 0.066640817,
        "right_lateral_half_width": 0.058969207,
        "right_lateral_half_width_44": 0.048875116,
        "right_lateral_half_width_50": 0.053143382,
        "right_lateral_half_width_58": 0.058425479,
        "right_lateral_half_width_66": 0.057299539,
        "right_lateral_half_width_74": 0.053582005,
        "right_lateral_half_width_82": 0.04020638,
        "right_lateral_half_width_90": 0.028030554,
        "right_length": 0.27922481,
        "right_medial_half_width": 0.040159374,
        "right_medial_half_width_44": 0.037369225,
        "right_medial_half_width_50": 0.036978614,
        "right_medial_half_width_58": 0.036710542,
        "right_medial_half_width_66": 0.038194444,
        "right_medial_half_width_74": 0.039317079,
        "right_medial_half_width_82": 0.041270502,
        "right_medial_half_width_90": 0.04267003,
        "right_plastic_height": 0.15328778,
        "right_short_heel_girth": 0.33735973,
        "right_waist_girth": 0.25757566,
        "right_waist_lateral_half_width": 0.046683483,
        "right_width": 0.099128582
    },
    "size_gender": "male"
}