{
    "measurements": {
        "left_ankle_wrap": 0.28315362,
        "left_arch_height": 0.014353384,
        "left_back_arch_gap_90": 0.012833231,
        "left_ball_girth": 0.26409015,
        "left_bauer_fit": 0.52586341,
        "left_forefoot_height": 0.037315991,
        "left_heel_to_ball": 0.19115467,
        "left_heel_width": 0.0649967,
        "left_height_80": 0.037315991,
        "left_height_90": 0.027808979,
        "left_instep_girth": 0.2578465,
        "left_instep_height": 0.067999505,
        "left_lateral_half_width": 0.062599815,
        "left_lateral_half_width_44": 0.052280873,
        "left_lateral_half_width_50": 0.055232249,
        "left_lateral_half_width_58": 0.059530336,
        "left_lateral_half_width_66": 0.062164381,
        "left_lateral_half_width_74": 0.058987055,
        "left_lateral_half_width_82": 0.054329775,
        "left_lateral_half_width_90": 0.043499604,
        "left_length": 0.27460513,
        "left_medial_half_width": 0.043142434,
        "left_medial_half_width_44": 0.031395823,
        "left_medial_half_width_50": 0.031590335,
        "left_medial_half_width_58": 0.035495117,
        "left_medial_half_width_66": 0.041442957,
        "left_medial_half_width_74": 0.041658238,
        "left_medial_half_width_82": 0.034780424,
        "left_medial_half_width_90": 0.028477984,
        "left_plastic_height": 0.1529094,
        "left_short_heel_girth": 0.34907398,
        "left_waist_girth": 0.25792694,
        "left_waist_lateral_half_width": 0.050887384,
        "left_width": 0.10574225,
        "right_ankle_wrap": 0.29727811,
        "right_arch_height": 0.014530853,
        "right_back_arch_gap_90": 0.01256993,
        "right_ball_girth": 0.25297037,
        "right_bauer_fit": 0.50601006,
        "right_forefoot_height": 0.032208718,
        "right_heel_to_ball": 0.2220329,
        "right_heel_width": 0.06838797,
        "right_height_80": 0.032208718,
        "right_height_90": 0.025399081,
        "right_instep_girth": 0.25414941,
        "right_instep_height": 0.064271033,
        "right_lateral_half_width": 0.060576711,
        "right_lateral_half_width_44": 0.053128187,
        "right_lateral_half_width_50": 0.055859711,
        "right_lateral_half_width_58": 0.0587507,
        "right_lateral_half_width_66": 0.0603648,
        "right_lateral_half_width_74": 0.059679788,
        "right_lateral_half_width_82": 0.051431168,
        "right_lateral_half_width_90": 0.038691521,
        "right_length": 0.27765343,
        "right_medial_half_width": 0.041441541,
        "right_medial_half_width_44": 0.034442723,
        "right_medial_half_width_50": 0.033858594,
        "right_medial_half_width_58": 0.0363186,
        "right_medial_half_width_66": 0.040234238,
        "right_medial_half_width_74": 0.040249981,
        "right_medial_half_width_82": 0.041788593,
        "right_medial_half_width_90": 0.042791311,
        "right_plastic_height": 0.15346962,
        "right_short_heel_girth": 0.3495191,
        "right_waist_girth": 0.25836423,
        "right_waist_lateral_half_width": 0.050969478,
        "right_width": 0.10201825
    },
    "size_gender": "male"
}