{
    "measurements": {
        "left_ankle_wrap": 0.29504347,
        "left_arch_height": 0.019227341,
        "left_back_arch_gap_90": 0.00060241052,
        "left_ball_girth": 0.24371281,
        "left_bauer_fit": 0.49544793,
        "left_forefoot_height": 0.034214582,
        "left_heel_to_ball": 0.22111054,
        "left_heel_width": 0.062682666,
        "left_height_80": 0.034214582,
        "left_height_90": 0.02561786,
        "left_instep_girth": 0.25563684,
        "left_instep_height": 0.068446383,
        "left_lateral_half_width": 0.056772355,
        "left_lateral_half_width_44": 0.04886888,
        "left_lateral_half_width_50": 0.0520751,
        "left_lateral_half_width_58": 0.056480121,
        "left_lateral_half_width_66": 0.055965945,
        "left_lateral_half_width_74": 0.052310646,
        "left_lateral_half_width_82": 0.039873645,
        "left_lateral_half_width_90": 0.025501199,
        "left_length": 0.27690613,
        "left_medial_half_width": 0.041842323,
        "left_medial_half_width_44": 0.034928739,
        "left_medial_half_width_50": 0.0347748,
        "left_medial_half_width_58": 0.036141209,
        "left_medial_half_width_66": 0.037301715,
        "left_medial_half_width_74": 0.038670048,
        "left_medial_half_width_82": 0.042906966,
        "left_medial_half_width_90": 0.046405844,
        "left_plastic_height": 0.15331866,
        "left_short_heel_girth": 0.342538,
        "left_waist_girth": 0.25237212,
        "left_waist_lateral_half_width": 0.046837814,
        "left_width": 0.098614678,
        "right_ankle_wrap": 0.29582718,
        "right_arch_height": 0.018479971,
        "right_back_arch_gap_90": -0.00087506912,
        "right_ball_girth": 0.24851999,
        "right_bauer_fit": 0.497564,
        "right_forefoot_height": 0.0337393,
        "right_heel_to_ball": 0.22019984,
        "right_heel_width": 0.067959443,
        "right_height_80": 0.0337393,
        "right_height_90": 0.02551114,
        "right_instep_girth": 0.25911349,
        "right_instep_height": 0.066978514,
        "right_lateral_half_width": 0.05892808,
        "right_lateral_half_width_44": 0.048626527,
        "right_lateral_half_width_50": 0.05259591,
        "right_lateral_half_width_58": 0.058517914,
        "right_lateral_half_width_66": 0.0576413,
        "right_lateral_half_width_74": 0.053626351,
        "right_lateral_half_width_82": 0.040718537,
        "right_lateral_half_width_90": 0.028800545,
        "right_length": 0.27815384,
        "right_medial_half_width": 0.040514294,
        "right_medial_half_width_44": 0.038429566,
        "right_medial_half_width_50": 0.037858114,
        "right_medial_half_width_58": 0.037921559,
        "right_medial_half_width_66": 0.038418457,
        "right_medial_half_width_74": 0.040062021,
        "right_medial_half_width_82": 0.041743763,
        "right_medial_half_width_90": 0.043506049,
        "right_plastic_height": 0.15245423,
        "right_short_heel_girth": 0.34929079,
        "right_waist_girth": 0.25809234,
        "right_waist_lateral_half_width": 0.04653319,
        "right_width": 0.099442378
    },
    "size_gender": "male"
}