{
    "measurements": {
        "left_ankle_wrap": 0.21090224,
        "left_arch_height": 0.013802143,
        "left_back_arch_gap_90": 0.011985723,
        "left_ball_girth": 0.24085066,
        "left_bauer_fit": 0.47916046,
        "left_forefoot_height": 0.031684041,
        "left_heel_to_ball": 0.18090428,
        "left_heel_width": 0.0655602,
        "left_height_80": 0.031684041,
        "left_height_90": 0.023177661,
        "left_instep_girth": 0.24500091,
        "left_instep_height": 0.065027058,
        "left_lateral_half_width": 0.056209791,
        "left_lateral_half_width_44": 0.047032297,
        "left_lateral_half_width_50": 0.051290721,
        "left_lateral_half_width_58": 0.055817571,
        "left_lateral_half_width_66": 0.055662256,
        "left_lateral_half_width_74": 0.054759722,
        "left_lateral_half_width_82": 0.048460957,
        "left_lateral_half_width_90": 0.035711598,
        "left_length": 0.23823012,
        "left_medial_half_width": 0.039433032,
        "left_medial_half_width_44": 0.03084518,
        "left_medial_half_width_50": 0.03204773,
        "left_medial_half_width_58": 0.034366552,
        "left_medial_half_width_66": 0.0370957,
        "left_medial_half_width_74": 0.039293546,
        "left_medial_half_width_82": 0.038382575,
        "left_medial_half_width_90": 0.037236504,
        "left_plastic_height": 0.15254872,
        "left_short_heel_girth": 0.32496756,
        "left_waist_girth": 0.23971079,
        "left_waist_lateral_half_width": 0.044550687,
        "left_width": 0.09564282,
        "right_ankle_wrap": 0.2075562,
        "right_arch_height": 0.015887067,
        "right_back_arch_gap_90": 0.009935461,
        "right_ball_girth": 0.24002106,
        "right_bauer_fit": 0.47639638,
        "right_forefoot_height": 0.032521755,
        "right_heel_to_ball": 0.18862933,
        "right_heel_width": 0.063050941,
        "right_height_80": 0.032521755,
        "right_height_90": 0.022633549,
        "right_instep_girth": 0.24184597,
        "right_instep_height": 0.062906384,
        "right_lateral_half_width": 0.055775486,
        "right_lateral_half_width_44": 0.047025848,
        "right_lateral_half_width_50": 0.051275633,
        "right_lateral_half_width_58": 0.054852944,
        "right_lateral_half_width_66": 0.055679686,
        "right_lateral_half_width_74": 0.054438367,
        "right_lateral_half_width_82": 0.045659188,
        "right_lateral_half_width_90": 0.032537669,
        "right_length": 0.23714191,
        "right_medial_half_width": 0.039718736,
        "right_medial_half_width_44": 0.033011105,
        "right_medial_half_width_50": 0.033270862,
        "right_medial_half_width_58": 0.035194613,
        "right_medial_half_width_66": 0.037115116,
        "right_medial_half_width_74": 0.038885415,
        "right_medial_half_width_82": 0.040156588,
        "right_medial_half_width_90": 0.039054241,
        "right_plastic_height": 0.15184578,
        "right_short_heel_girth": 0.31443647,
        "right_waist_girth": 0.23980507,
        "right_waist_lateral_half_width": 0.044487659,
        "right_width": 0.095494226
    },
    "size_gender": "female"
}