{
    "measurements": {
        "left_ankle_wrap": 0.22880952,
        "left_arch_height": 0.015263084,
        "left_back_arch_gap_90": 0.0082524912,
        "left_ball_girth": 0.24459268,
        "left_bauer_fit": 0.48618767,
        "left_forefoot_height": 0.034452222,
        "left_heel_to_ball": 0.20031442,
        "left_heel_width": 0.06666249,
        "left_height_80": 0.034452222,
        "left_height_90": 0.028290749,
        "left_instep_girth": 0.25946087,
        "left_instep_height": 0.068487369,
        "left_lateral_half_width": 0.057310767,
        "left_lateral_half_width_44": 0.047767498,
        "left_lateral_half_width_50": 0.052229591,
        "left_lateral_half_width_58": 0.056946326,
        "left_lateral_half_width_66": 0.056645542,
        "left_lateral_half_width_74": 0.053481758,
        "left_lateral_half_width_82": 0.042476717,
        "left_lateral_half_width_90": 0.03067096,
        "left_length": 0.27593675,
        "left_medial_half_width": 0.039155815,
        "left_medial_half_width_44": 0.036477774,
        "left_medial_half_width_50": 0.036244623,
        "left_medial_half_width_58": 0.035912465,
        "left_medial_half_width_66": 0.037749618,
        "left_medial_half_width_74": 0.038936056,
        "left_medial_half_width_82": 0.041120917,
        "left_medial_half_width_90": 0.042211153,
        "left_plastic_height": 0.15254307,
        "left_short_heel_girth": 0.34012952,
        "left_waist_girth": 0.25740984,
        "left_waist_lateral_half_width": 0.046049334,
        "left_width": 0.096466586,
        "right_ankle_wrap": 0.22332387,
        "right_arch_height": 0.020002428,
        "right_back_arch_gap_90": 0.0058831596,
        "right_ball_girth": 0.2482636,
        "right_bauer_fit": 0.49448729,
        "right_forefoot_height": 0.038462397,
        "right_heel_to_ball": 0.21844365,
        "right_heel_width": 0.065754645,
        "right_height_80": 0.038462397,
        "right_height_90": 0.028691022,
        "right_instep_girth": 0.25836426,
        "right_instep_height": 0.070394479,
        "right_lateral_half_width": 0.057499565,
        "right_lateral_half_width_44": 0.048726641,
        "right_lateral_half_width_50": 0.05224641,
        "right_lateral_half_width_58": 0.057387147,
        "right_lateral_half_width_66": 0.0567995,
        "right_lateral_half_width_74": 0.052476656,
        "right_lateral_half_width_82": 0.040236704,
        "right_lateral_half_width_90": 0.026523586,
        "right_length": 0.273789,
        "right_medial_half_width": 0.040443346,
        "right_medial_half_width_44": 0.036593746,
        "right_medial_half_width_50": 0.036860805,
        "right_medial_half_width_58": 0.036168106,
        "right_medial_half_width_66": 0.037850965,
        "right_medial_half_width_74": 0.039040029,
        "right_medial_half_width_82": 0.042429838,
        "right_medial_half_width_90": 0.043062989,
        "right_plastic_height": 0.15271132,
        "right_short_heel_girth": 0.34005052,
        "right_waist_girth": 0.25884849,
        "right_waist_lateral_half_width": 0.047254119,
        "right_width": 0.097942911
    },
    "size_gender": "male"
}