{
    "measurements": {
        "left_ankle_wrap": 0.21819995,
        "left_arch_height": 0.01262503,
        "left_back_arch_gap_90": 0.0080694882,
        "left_ball_girth": 0.24832626,
        "left_bauer_fit": 0.48456585,
        "left_forefoot_height": 0.033792872,
        "left_heel_to_ball": 0.18728083,
        "left_heel_width": 0.065345749,
        "left_height_80": 0.033792872,
        "left_height_90": 0.0269273,
        "left_instep_girth": 0.24906401,
        "left_instep_height": 0.060693342,
        "left_lateral_half_width": 0.058171254,
        "left_lateral_half_width_44": 0.043798625,
        "left_lateral_half_width_50": 0.050365653,
        "left_lateral_half_width_58": 0.05771469,
        "left_lateral_half_width_66": 0.057460032,
        "left_lateral_half_width_74": 0.056624491,
        "left_lateral_half_width_82": 0.046254728,
        "left_lateral_half_width_90": 0.031628732,
        "left_length": 0.26409212,
        "left_medial_half_width": 0.039720785,
        "left_medial_half_width_44": 0.038377307,
        "left_medial_half_width_50": 0.037759971,
        "left_medial_half_width_58": 0.036660157,
        "left_medial_half_width_66": 0.038288016,
        "left_medial_half_width_74": 0.038869776,
        "left_medial_half_width_82": 0.033999335,
        "left_medial_half_width_90": 0.028243219,
        "left_plastic_height": 0.15258628,
        "left_short_heel_girth": 0.32282534,
        "left_waist_girth": 0.24216555,
        "left_waist_lateral_half_width": 0.040711861,
        "left_width": 0.097892039,
        "right_ankle_wrap": 0.21215348,
        "right_arch_height": 0.012430841,
        "right_back_arch_gap_90": 0.0091841621,
        "right_ball_girth": 0.24908122,
        "right_bauer_fit": 0.4910742,
        "right_forefoot_height": 0.033240933,
        "right_heel_to_ball": 0.1889741,
        "right_heel_width": 0.063311026,
        "right_height_80": 0.033240933,
        "right_height_90": 0.026361285,
        "right_instep_girth": 0.24652202,
        "right_instep_height": 0.059313696,
        "right_lateral_half_width": 0.059219245,
        "right_lateral_half_width_44": 0.044351965,
        "right_lateral_half_width_50": 0.050612181,
        "right_lateral_half_width_58": 0.057654686,
        "right_lateral_half_width_66": 0.058049176,
        "right_lateral_half_width_74": 0.055076059,
        "right_lateral_half_width_82": 0.045932762,
        "right_lateral_half_width_90": 0.03102763,
        "right_length": 0.26356351,
        "right_medial_half_width": 0.040494494,
        "right_medial_half_width_44": 0.038357981,
        "right_medial_half_width_50": 0.037192374,
        "right_medial_half_width_58": 0.037191484,
        "right_medial_half_width_66": 0.03868803,
        "right_medial_half_width_74": 0.039993472,
        "right_medial_half_width_82": 0.034184493,
        "right_medial_half_width_90": 0.02895844,
        "right_plastic_height": 0.15251578,
        "right_short_heel_girth": 0.32046896,
        "right_waist_girth": 0.24194357,
        "right_waist_lateral_half_width": 0.041147597,
        "right_width": 0.099713743
    },
    "size_gender": "female"
}