{
    "measurements": {
        "left_ankle_wrap": 0.22185518,
        "left_arch_height": 0.019013451,
        "left_back_arch_gap_90": 0.0066645886,
        "left_ball_girth": 0.24239509,
        "left_bauer_fit": 0.48759857,
        "left_forefoot_height": 0.034338258,
        "left_heel_to_ball": 0.2190717,
        "left_heel_width": 0.063448623,
        "left_height_80": 0.034338258,
        "left_height_90": 0.026040204,
        "left_instep_girth": 0.25303659,
        "left_instep_height": 0.067678474,
        "left_lateral_half_width": 0.056329992,
        "left_lateral_half_width_44": 0.04882231,
        "left_lateral_half_width_50": 0.052134488,
        "left_lateral_half_width_58": 0.056064453,
        "left_lateral_half_width_66": 0.0559065,
        "left_lateral_half_width_74": 0.051793188,
        "left_lateral_half_width_82": 0.040215254,
        "left_lateral_half_width_90": 0.026220586,
        "left_length": 0.27634943,
        "left_medial_half_width": 0.040649246,
        "left_medial_half_width_44": 0.034871627,
        "left_medial_half_width_50": 0.034901414,
        "left_medial_half_width_58": 0.035569835,
        "left_medial_half_width_66": 0.037265856,
        "left_medial_half_width_74": 0.038687695,
        "left_medial_half_width_82": 0.041759495,
        "left_medial_half_width_90": 0.04506918,
        "left_plastic_height": 0.15244575,
        "left_short_heel_girth": 0.33525521,
        "left_waist_girth": 0.25078139,
        "left_waist_lateral_half_width": 0.046722375,
        "left_width": 0.096979238,
        "right_ankle_wrap": 0.21679911,
        "right_arch_height": 0.016757602,
        "right_back_arch_gap_90": 0.0085452115,
        "right_ball_girth": 0.24655643,
        "right_bauer_fit": 0.49845806,
        "right_forefoot_height": 0.033372145,
        "right_heel_to_ball": 0.22074121,
        "right_heel_width": 0.066147871,
        "right_height_80": 0.033372145,
        "right_height_90": 0.025674777,
        "right_instep_girth": 0.25796556,
        "right_instep_height": 0.066917,
        "right_lateral_half_width": 0.058499146,
        "right_lateral_half_width_44": 0.048512265,
        "right_lateral_half_width_50": 0.052522536,
        "right_lateral_half_width_58": 0.058308251,
        "right_lateral_half_width_66": 0.057211865,
        "right_lateral_half_width_74": 0.052527592,
        "right_lateral_half_width_82": 0.040281843,
        "right_lateral_half_width_90": 0.028023951,
        "right_length": 0.2778388,
        "right_medial_half_width": 0.041163914,
        "right_medial_half_width_44": 0.037120812,
        "right_medial_half_width_50": 0.036817439,
        "right_medial_half_width_58": 0.037203573,
        "right_medial_half_width_66": 0.038127147,
        "right_medial_half_width_74": 0.040032629,
        "right_medial_half_width_82": 0.042498842,
        "right_medial_half_width_90": 0.04425763,
        "right_plastic_height": 0.15332313,
        "right_short_heel_girth": 0.33267346,
        "right_waist_girth": 0.2570034,
        "right_waist_lateral_half_width": 0.046249047,
        "right_width": 0.099663064
    },
    "size_gender": "male"
}