{
    "measurements": {
        "left_ankle_wrap": 0.3032507,
        "left_arch_height": 0.0204464,
        "left_back_arch_gap_90": -0.0024107534,
        "left_ball_girth": 0.24496874,
        "left_bauer_fit": 0.49736616,
        "left_forefoot_height": 0.034776486,
        "left_heel_to_ball": 0.21829797,
        "left_heel_width": 0.062923707,
        "left_height_80": 0.034776486,
        "left_height_90": 0.025789592,
        "left_instep_girth": 0.25558826,
        "left_instep_height": 0.069574863,
        "left_lateral_half_width": 0.056815866,
        "left_lateral_half_width_44": 0.049765971,
        "left_lateral_half_width_50": 0.052844044,
        "left_lateral_half_width_58": 0.056324944,
        "left_lateral_half_width_66": 0.056160633,
        "left_lateral_half_width_74": 0.052434146,
        "left_lateral_half_width_82": 0.03960662,
        "left_lateral_half_width_90": 0.024778696,
        "left_length": 0.27574316,
        "left_medial_half_width": 0.041981198,
        "left_medial_half_width_44": 0.034237187,
        "left_medial_half_width_50": 0.034087509,
        "left_medial_half_width_58": 0.0358848,
        "left_medial_half_width_66": 0.03743216,
        "left_medial_half_width_74": 0.039258674,
        "left_medial_half_width_82": 0.043433324,
        "left_medial_half_width_90": 0.047678232,
        "left_plastic_height": 0.15336208,
        "left_short_heel_girth": 0.34278536,
        "left_waist_girth": 0.25240132,
        "left_waist_lateral_half_width": 0.047793783,
        "left_width": 0.098797068,
        "right_ankle_wrap": 0.3027066,
        "right_arch_height": 0.017927172,
        "right_back_arch_gap_90": -0.0054041953,
        "right_ball_girth": 0.24831359,
        "right_bauer_fit": 0.49648124,
        "right_forefoot_height": 0.034272596,
        "right_heel_to_ball": 0.22004551,
        "right_heel_width": 0.067303404,
        "right_height_80": 0.034272596,
        "right_height_90": 0.025655823,
        "right_instep_girth": 0.25837615,
        "right_instep_height": 0.067548953,
        "right_lateral_half_width": 0.058996081,
        "right_lateral_half_width_44": 0.048826423,
        "right_lateral_half_width_50": 0.0526112,
        "right_lateral_half_width_58": 0.058516145,
        "right_lateral_half_width_66": 0.057525415,
        "right_lateral_half_width_74": 0.0539063,
        "right_lateral_half_width_82": 0.040941447,
        "right_lateral_half_width_90": 0.028959047,
        "right_length": 0.27746102,
        "right_medial_half_width": 0.040064491,
        "right_medial_half_width_44": 0.037989452,
        "right_medial_half_width_50": 0.037936807,
        "right_medial_half_width_58": 0.0373228,
        "right_medial_half_width_66": 0.0383409,
        "right_medial_half_width_74": 0.039452646,
        "right_medial_half_width_82": 0.041099027,
        "right_medial_half_width_90": 0.042791262,
        "right_plastic_height": 0.15266213,
        "right_short_heel_girth": 0.34605825,
        "right_waist_girth": 0.25838205,
        "right_waist_lateral_half_width": 0.046749111,
        "right_width": 0.099060573
    },
    "size_gender": "male"
}