{
    "measurements": {
        "left_ankle_wrap": 0.16194449,
        "left_arch_height": 0.00877169,
        "left_back_arch_gap_90": 0.0051946724,
        "left_ball_girth": 0.17795223,
        "left_bauer_fit": 0.34417504,
        "left_forefoot_height": 0.026110431,
        "left_heel_to_ball": 0.12777908,
        "left_heel_width": 0.047670074,
        "left_height_80": 0.026110431,
        "left_height_90": 0.020862088,
        "left_instep_girth": 0.17718479,
        "left_instep_height": 0.045125507,
        "left_lateral_half_width": 0.040325653,
        "left_lateral_half_width_44": 0.031911664,
        "left_lateral_half_width_50": 0.033787459,
        "left_lateral_half_width_58": 0.037879925,
        "left_lateral_half_width_66": 0.039381944,
        "left_lateral_half_width_74": 0.040162906,
        "left_lateral_half_width_82": 0.037370849,
        "left_lateral_half_width_90": 0.025727965,
        "left_length": 0.16120909,
        "left_medial_half_width": 0.028738908,
        "left_medial_half_width_44": 0.028038263,
        "left_medial_half_width_50": 0.027534064,
        "left_medial_half_width_58": 0.026644694,
        "left_medial_half_width_66": 0.02623185,
        "left_medial_half_width_74": 0.028014861,
        "left_medial_half_width_82": 0.029095843,
        "left_medial_half_width_90": 0.029046474,
        "left_plastic_height": 0.15092282,
        "left_short_heel_girth": 0.22489153,
        "left_waist_girth": 0.17854841,
        "left_waist_lateral_half_width": 0.03086435,
        "left_width": 0.069064558,
        "right_ankle_wrap": 0.1641815,
        "right_arch_height": 0.0050339615,
        "right_back_arch_gap_90": 0.010518719,
        "right_ball_girth": 0.17408027,
        "right_bauer_fit": 0.34740067,
        "right_forefoot_height": 0.025491165,
        "right_heel_to_ball": 0.10633443,
        "right_heel_width": 0.048432492,
        "right_height_80": 0.025491165,
        "right_height_90": 0.021424204,
        "right_instep_girth": 0.1787405,
        "right_instep_height": 0.041638527,
        "right_lateral_half_width": 0.04328537,
        "right_lateral_half_width_44": 0.03289593,
        "right_lateral_half_width_50": 0.035859019,
        "right_lateral_half_width_58": 0.039420396,
        "right_lateral_half_width_66": 0.040973708,
        "right_lateral_half_width_74": 0.043270472,
        "right_lateral_half_width_82": 0.034929808,
        "right_lateral_half_width_90": 0.021393329,
        "right_length": 0.16210623,
        "right_medial_half_width": 0.027329447,
        "right_medial_half_width_44": 0.029563278,
        "right_medial_half_width_50": 0.028634269,
        "right_medial_half_width_58": 0.027877405,
        "right_medial_half_width_66": 0.027295696,
        "right_medial_half_width_74": 0.025718944,
        "right_medial_half_width_82": 0.025391275,
        "right_medial_half_width_90": 0.021824894,
        "right_plastic_height": 0.15148073,
        "right_short_heel_girth": 0.2226703,
        "right_waist_girth": 0.17865472,
        "right_waist_lateral_half_width": 0.031636883,
        "right_width": 0.070614815
    },
    "size_gender": null
}