{
    "measurements": {
        "left_ankle_wrap": 0.23347689,
        "left_arch_height": 0.018128933,
        "left_back_arch_gap_90": 0.0066686533,
        "left_ball_girth": 0.24443078,
        "left_bauer_fit": 0.49382022,
        "left_forefoot_height": 0.035058495,
        "left_heel_to_ball": 0.21885581,
        "left_heel_width": 0.064270929,
        "left_height_80": 0.035058495,
        "left_height_90": 0.029240318,
        "left_instep_girth": 0.25605726,
        "left_instep_height": 0.069470696,
        "left_lateral_half_width": 0.05652814,
        "left_lateral_half_width_44": 0.048423782,
        "left_lateral_half_width_50": 0.051765643,
        "left_lateral_half_width_58": 0.0558903,
        "left_lateral_half_width_66": 0.0552165,
        "left_lateral_half_width_74": 0.053133834,
        "left_lateral_half_width_82": 0.042146195,
        "left_lateral_half_width_90": 0.028097371,
        "left_length": 0.2755605,
        "left_medial_half_width": 0.041474063,
        "left_medial_half_width_44": 0.034420867,
        "left_medial_half_width_50": 0.034894783,
        "left_medial_half_width_58": 0.035356287,
        "left_medial_half_width_66": 0.036794566,
        "left_medial_half_width_74": 0.03941362,
        "left_medial_half_width_82": 0.043090735,
        "left_medial_half_width_90": 0.046140391,
        "left_plastic_height": 0.15385321,
        "left_short_heel_girth": 0.33669379,
        "left_waist_girth": 0.25309959,
        "left_waist_lateral_half_width": 0.046629217,
        "left_width": 0.0980022,
        "right_ankle_wrap": 0.23112491,
        "right_arch_height": 0.015857467,
        "right_back_arch_gap_90": 0.0076035997,
        "right_ball_girth": 0.24786247,
        "right_bauer_fit": 0.50772762,
        "right_forefoot_height": 0.034324665,
        "right_heel_to_ball": 0.21977994,
        "right_heel_width": 0.066833258,
        "right_height_80": 0.034324665,
        "right_height_90": 0.02750312,
        "right_instep_girth": 0.26129347,
        "right_instep_height": 0.066621058,
        "right_lateral_half_width": 0.058778789,
        "right_lateral_half_width_44": 0.048053253,
        "right_lateral_half_width_50": 0.052279644,
        "right_lateral_half_width_58": 0.058249593,
        "right_lateral_half_width_66": 0.057665404,
        "right_lateral_half_width_74": 0.053659324,
        "right_lateral_half_width_82": 0.04273317,
        "right_lateral_half_width_90": 0.031793222,
        "right_length": 0.27738753,
        "right_medial_half_width": 0.0430934,
        "right_medial_half_width_44": 0.038121849,
        "right_medial_half_width_50": 0.037687343,
        "right_medial_half_width_58": 0.038043816,
        "right_medial_half_width_66": 0.038434085,
        "right_medial_half_width_74": 0.039925713,
        "right_medial_half_width_82": 0.044259645,
        "right_medial_half_width_90": 0.043449003,
        "right_plastic_height": 0.15323286,
        "right_short_heel_girth": 0.33696744,
        "right_waist_girth": 0.25884628,
        "right_waist_lateral_half_width": 0.046235688,
        "right_width": 0.10187219
    },
    "size_gender": "male"
}