{
    "measurements": {
        "left_ankle_wrap": 0.17364424,
        "left_arch_height": 0.0079419184,
        "left_back_arch_gap_90": -0.0016379259,
        "left_ball_girth": 0.16326749,
        "left_bauer_fit": 0.3224254,
        "left_forefoot_height": 0.026363505,
        "left_heel_to_ball": 0.10605478,
        "left_heel_width": 0.043627169,
        "left_height_80": 0.026363505,
        "left_height_90": 0.017632568,
        "left_instep_girth": 0.16479133,
        "left_instep_height": 0.044710588,
        "left_lateral_half_width": 0.038837824,
        "left_lateral_half_width_44": 0.030935802,
        "left_lateral_half_width_50": 0.032899175,
        "left_lateral_half_width_58": 0.034830295,
        "left_lateral_half_width_66": 0.036737673,
        "left_lateral_half_width_74": 0.038583077,
        "left_lateral_half_width_82": 0.037769884,
        "left_lateral_half_width_90": 0.02648502,
        "left_length": 0.14862953,
        "left_medial_half_width": 0.025299545,
        "left_medial_half_width_44": 0.023058336,
        "left_medial_half_width_50": 0.023212468,
        "left_medial_half_width_58": 0.023231229,
        "left_medial_half_width_66": 0.024489429,
        "left_medial_half_width_74": 0.025166493,
        "left_medial_half_width_82": 0.025454165,
        "left_medial_half_width_90": 0.025406007,
        "left_plastic_height": 0.15162374,
        "left_short_heel_girth": 0.21125992,
        "left_waist_girth": 0.1657536,
        "left_waist_lateral_half_width": 0.029822839,
        "left_width": 0.064137369,
        "right_ankle_wrap": 0.16541065,
        "right_arch_height": 0.011434143,
        "right_back_arch_gap_90": 0.0075859185,
        "right_ball_girth": 0.16148601,
        "right_bauer_fit": 0.32323551,
        "right_forefoot_height": 0.022870051,
        "right_heel_to_ball": 0.11896376,
        "right_heel_width": 0.043894,
        "right_height_80": 0.022870051,
        "right_height_90": 0.015811834,
        "right_instep_girth": 0.16239879,
        "right_instep_height": 0.040330485,
        "right_lateral_half_width": 0.037549313,
        "right_lateral_half_width_44": 0.0297029,
        "right_lateral_half_width_50": 0.033100396,
        "right_lateral_half_width_58": 0.034919344,
        "right_lateral_half_width_66": 0.036906678,
        "right_lateral_half_width_74": 0.037400384,
        "right_lateral_half_width_82": 0.036521845,
        "right_lateral_half_width_90": 0.027255626,
        "right_length": 0.14896473,
        "right_medial_half_width": 0.027786717,
        "right_medial_half_width_44": 0.026088119,
        "right_medial_half_width_50": 0.024959208,
        "right_medial_half_width_58": 0.023766574,
        "right_medial_half_width_66": 0.024594229,
        "right_medial_half_width_74": 0.026510105,
        "right_medial_half_width_82": 0.028125908,
        "right_medial_half_width_90": 0.027639488,
        "right_plastic_height": 0.15119848,
        "right_short_heel_girth": 0.21341242,
        "right_waist_girth": 0.16303803,
        "right_waist_lateral_half_width": 0.027927527,
        "right_width": 0.065336034
    },
    "size_gender": null
}