{
    "measurements": {
        "left_ankle_wrap": 0.29557177,
        "left_arch_height": 0.01764345,
        "left_back_arch_gap_90": 0.0010626906,
        "left_ball_girth": 0.24287914,
        "left_bauer_fit": 0.48502246,
        "left_forefoot_height": 0.034223054,
        "left_heel_to_ball": 0.22153752,
        "left_heel_width": 0.064968273,
        "left_height_80": 0.034223054,
        "left_height_90": 0.02580468,
        "left_instep_girth": 0.2572687,
        "left_instep_height": 0.068631075,
        "left_lateral_half_width": 0.056470934,
        "left_lateral_half_width_44": 0.04881509,
        "left_lateral_half_width_50": 0.0520534,
        "left_lateral_half_width_58": 0.056338385,
        "left_lateral_half_width_66": 0.055983681,
        "left_lateral_half_width_74": 0.051701952,
        "left_lateral_half_width_82": 0.039980341,
        "left_lateral_half_width_90": 0.026958603,
        "left_length": 0.27789122,
        "left_medial_half_width": 0.039693359,
        "left_medial_half_width_44": 0.03576703,
        "left_medial_half_width_50": 0.03603787,
        "left_medial_half_width_58": 0.036166366,
        "left_medial_half_width_66": 0.037320361,
        "left_medial_half_width_74": 0.038456067,
        "left_medial_half_width_82": 0.040292636,
        "left_medial_half_width_90": 0.043138392,
        "left_plastic_height": 0.15340506,
        "left_short_heel_girth": 0.3440204,
        "left_waist_girth": 0.25535724,
        "left_waist_lateral_half_width": 0.046782877,
        "left_width": 0.096164294,
        "right_ankle_wrap": 0.30399269,
        "right_arch_height": 0.018066648,
        "right_back_arch_gap_90": -0.00037113804,
        "right_ball_girth": 0.24727285,
        "right_bauer_fit": 0.49408013,
        "right_forefoot_height": 0.033891425,
        "right_heel_to_ball": 0.1979664,
        "right_heel_width": 0.068160281,
        "right_height_80": 0.033891425,
        "right_height_90": 0.026037311,
        "right_instep_girth": 0.2596319,
        "right_instep_height": 0.066960767,
        "right_lateral_half_width": 0.058426406,
        "right_lateral_half_width_44": 0.048509616,
        "right_lateral_half_width_50": 0.052661136,
        "right_lateral_half_width_58": 0.058126181,
        "right_lateral_half_width_66": 0.058350991,
        "right_lateral_half_width_74": 0.054220937,
        "right_lateral_half_width_82": 0.041927785,
        "right_lateral_half_width_90": 0.030328907,
        "right_length": 0.27848917,
        "right_medial_half_width": 0.040215477,
        "right_medial_half_width_44": 0.039783951,
        "right_medial_half_width_50": 0.03908547,
        "right_medial_half_width_58": 0.038476583,
        "right_medial_half_width_66": 0.038894262,
        "right_medial_half_width_74": 0.039818898,
        "right_medial_half_width_82": 0.0399746,
        "right_medial_half_width_90": 0.041743197,
        "right_plastic_height": 0.15222624,
        "right_short_heel_girth": 0.35136649,
        "right_waist_girth": 0.25891808,
        "right_waist_lateral_half_width": 0.04636772,
        "right_width": 0.098641887
    },
    "size_gender": "male"
}