{
    "measurements": {
        "left_ankle_wrap": 0.20415381,
        "left_arch_height": 0.0081865434,
        "left_back_arch_gap_90": 0.014042288,
        "left_ball_girth": 0.20913082,
        "left_bauer_fit": 0.40851915,
        "left_forefoot_height": 0.02888988,
        "left_heel_to_ball": 0.15969981,
        "left_heel_width": 0.058555827,
        "left_height_80": 0.02888988,
        "left_height_90": 0.02340119,
        "left_instep_girth": 0.20889348,
        "left_instep_height": 0.049167603,
        "left_lateral_half_width": 0.049806442,
        "left_lateral_half_width_44": 0.040920373,
        "left_lateral_half_width_50": 0.044769395,
        "left_lateral_half_width_58": 0.048203342,
        "left_lateral_half_width_66": 0.049592193,
        "left_lateral_half_width_74": 0.047936197,
        "left_lateral_half_width_82": 0.039626386,
        "left_lateral_half_width_90": 0.026725829,
        "left_length": 0.23677787,
        "left_medial_half_width": 0.033184677,
        "left_medial_half_width_44": 0.034666345,
        "left_medial_half_width_50": 0.032707792,
        "left_medial_half_width_58": 0.031561647,
        "left_medial_half_width_66": 0.033032548,
        "left_medial_half_width_74": 0.032599624,
        "left_medial_half_width_82": 0.030839564,
        "left_medial_half_width_90": 0.029662404,
        "left_plastic_height": 0.15145764,
        "left_short_heel_girth": 0.29802635,
        "left_waist_girth": 0.21596141,
        "left_waist_lateral_half_width": 0.039352875,
        "left_width": 0.082991123,
        "right_ankle_wrap": 0.20215461,
        "right_arch_height": 0.0094631435,
        "right_back_arch_gap_90": 0.012302534,
        "right_ball_girth": 0.21124113,
        "right_bauer_fit": 0.41295612,
        "right_forefoot_height": 0.029478228,
        "right_heel_to_ball": 0.18870653,
        "right_heel_width": 0.05781088,
        "right_height_80": 0.029478228,
        "right_height_90": 0.024850519,
        "right_instep_girth": 0.20834124,
        "right_instep_height": 0.049725588,
        "right_lateral_half_width": 0.048855186,
        "right_lateral_half_width_44": 0.038635153,
        "right_lateral_half_width_50": 0.041597109,
        "right_lateral_half_width_58": 0.046244569,
        "right_lateral_half_width_66": 0.048745178,
        "right_lateral_half_width_74": 0.04851621,
        "right_lateral_half_width_82": 0.041406002,
        "right_lateral_half_width_90": 0.028484587,
        "right_length": 0.23690715,
        "right_medial_half_width": 0.035031773,
        "right_medial_half_width_44": 0.038597696,
        "right_medial_half_width_50": 0.035839532,
        "right_medial_half_width_58": 0.033347167,
        "right_medial_half_width_66": 0.032481134,
        "right_medial_half_width_74": 0.034218658,
        "right_medial_half_width_82": 0.034709983,
        "right_medial_half_width_90": 0.030371593,
        "right_plastic_height": 0.15152122,
        "right_short_heel_girth": 0.29972976,
        "right_waist_girth": 0.2178617,
        "right_waist_lateral_half_width": 0.03674718,
        "right_width": 0.083886959
    },
    "size_gender": null
}