{
    "measurements": {
        "left_ankle_wrap": 0.23424645,
        "left_arch_height": 0.014178274,
        "left_back_arch_gap_90": 0.01131811,
        "left_ball_girth": 0.21970472,
        "left_bauer_fit": 0.42611074,
        "left_forefoot_height": 0.029631536,
        "left_heel_to_ball": 0.16758578,
        "left_heel_width": 0.058949873,
        "left_height_80": 0.029631536,
        "left_height_90": 0.021640513,
        "left_instep_girth": 0.22452995,
        "left_instep_height": 0.059073526,
        "left_lateral_half_width": 0.050533589,
        "left_lateral_half_width_44": 0.042436518,
        "left_lateral_half_width_50": 0.045844268,
        "left_lateral_half_width_58": 0.049556587,
        "left_lateral_half_width_66": 0.050528716,
        "left_lateral_half_width_74": 0.049841382,
        "left_lateral_half_width_82": 0.044629294,
        "left_lateral_half_width_90": 0.030459216,
        "left_length": 0.23610274,
        "left_medial_half_width": 0.03423252,
        "left_medial_half_width_44": 0.033954103,
        "left_medial_half_width_50": 0.033604857,
        "left_medial_half_width_58": 0.032742713,
        "left_medial_half_width_66": 0.033661459,
        "left_medial_half_width_74": 0.033997037,
        "left_medial_half_width_82": 0.032400794,
        "left_medial_half_width_90": 0.028365558,
        "left_plastic_height": 0.15273933,
        "left_short_heel_girth": 0.29399294,
        "left_waist_girth": 0.22695169,
        "left_waist_lateral_half_width": 0.040369593,
        "left_width": 0.084766105,
        "right_ankle_wrap": 0.21104778,
        "right_arch_height": 0.013692142,
        "right_back_arch_gap_90": 0.013377248,
        "right_ball_girth": 0.21612382,
        "right_bauer_fit": 0.42592725,
        "right_forefoot_height": 0.027569881,
        "right_heel_to_ball": 0.16676487,
        "right_heel_width": 0.056865431,
        "right_height_80": 0.027569881,
        "right_height_90": 0.020140335,
        "right_instep_girth": 0.2222019,
        "right_instep_height": 0.055924397,
        "right_lateral_half_width": 0.051044121,
        "right_lateral_half_width_44": 0.04507092,
        "right_lateral_half_width_50": 0.046750251,
        "right_lateral_half_width_58": 0.050416656,
        "right_lateral_half_width_66": 0.050605424,
        "right_lateral_half_width_74": 0.049101472,
        "right_lateral_half_width_82": 0.044237655,
        "right_lateral_half_width_90": 0.031655483,
        "right_length": 0.23094083,
        "right_medial_half_width": 0.034406886,
        "right_medial_half_width_44": 0.033373293,
        "right_medial_half_width_50": 0.032768462,
        "right_medial_half_width_58": 0.0321692,
        "right_medial_half_width_66": 0.033699829,
        "right_medial_half_width_74": 0.034343373,
        "right_medial_half_width_82": 0.031392328,
        "right_medial_half_width_90": 0.028525967,
        "right_plastic_height": 0.15216833,
        "right_short_heel_girth": 0.28654826,
        "right_waist_girth": 0.22609548,
        "right_waist_lateral_half_width": 0.043192893,
        "right_width": 0.085451007
    },
    "size_gender": null
}