{
    "measurements": {
        "left_ankle_wrap": 0.29407018,
        "left_arch_height": 0.019781776,
        "left_back_arch_gap_90": -0.0010609137,
        "left_ball_girth": 0.2446169,
        "left_bauer_fit": 0.49432045,
        "left_forefoot_height": 0.035071455,
        "left_heel_to_ball": 0.21870635,
        "left_heel_width": 0.062969111,
        "left_height_80": 0.035071455,
        "left_height_90": 0.026364768,
        "left_instep_girth": 0.25512204,
        "left_instep_height": 0.06957265,
        "left_lateral_half_width": 0.056348119,
        "left_lateral_half_width_44": 0.049275719,
        "left_lateral_half_width_50": 0.052020881,
        "left_lateral_half_width_58": 0.055942219,
        "left_lateral_half_width_66": 0.055782177,
        "left_lateral_half_width_74": 0.052467372,
        "left_lateral_half_width_82": 0.039871842,
        "left_lateral_half_width_90": 0.024970587,
        "left_length": 0.27531633,
        "left_medial_half_width": 0.041746058,
        "left_medial_half_width_44": 0.03421481,
        "left_medial_half_width_50": 0.034235567,
        "left_medial_half_width_58": 0.035802398,
        "left_medial_half_width_66": 0.037177544,
        "left_medial_half_width_74": 0.039096992,
        "left_medial_half_width_82": 0.042618085,
        "left_medial_half_width_90": 0.046754133,
        "left_plastic_height": 0.15393066,
        "left_short_heel_girth": 0.34279707,
        "left_waist_girth": 0.2520273,
        "left_waist_lateral_half_width": 0.047229622,
        "left_width": 0.09809418,
        "right_ankle_wrap": 0.29618159,
        "right_arch_height": 0.018400678,
        "right_back_arch_gap_90": -0.0030542365,
        "right_ball_girth": 0.24820524,
        "right_bauer_fit": 0.49748769,
        "right_forefoot_height": 0.03411413,
        "right_heel_to_ball": 0.22147366,
        "right_heel_width": 0.06656076,
        "right_height_80": 0.03411413,
        "right_height_90": 0.02594102,
        "right_instep_girth": 0.2577593,
        "right_instep_height": 0.067420021,
        "right_lateral_half_width": 0.058853928,
        "right_lateral_half_width_44": 0.048672542,
        "right_lateral_half_width_50": 0.052280705,
        "right_lateral_half_width_58": 0.058411025,
        "right_lateral_half_width_66": 0.057552461,
        "right_lateral_half_width_74": 0.053751484,
        "right_lateral_half_width_82": 0.040759083,
        "right_lateral_half_width_90": 0.02867906,
        "right_length": 0.27760649,
        "right_medial_half_width": 0.04046886,
        "right_medial_half_width_44": 0.038108118,
        "right_medial_half_width_50": 0.03759069,
        "right_medial_half_width_58": 0.037140336,
        "right_medial_half_width_66": 0.038357094,
        "right_medial_half_width_74": 0.039989453,
        "right_medial_half_width_82": 0.041673202,
        "right_medial_half_width_90": 0.042944249,
        "right_plastic_height": 0.1519774,
        "right_short_heel_girth": 0.34744704,
        "right_waist_girth": 0.25771064,
        "right_waist_lateral_half_width": 0.04659348,
        "right_width": 0.099322788
    },
    "size_gender": "male"
}