{
    "measurements": {
        "left_ankle_wrap": 0.22514986,
        "left_arch_height": 0.019434223,
        "left_back_arch_gap_90": 0.0069253375,
        "left_ball_girth": 0.24569392,
        "left_bauer_fit": 0.49646124,
        "left_forefoot_height": 0.034406487,
        "left_heel_to_ball": 0.21885306,
        "left_heel_width": 0.063330062,
        "left_height_80": 0.034406487,
        "left_height_90": 0.0264588,
        "left_instep_girth": 0.25712091,
        "left_instep_height": 0.068597496,
        "left_lateral_half_width": 0.056982972,
        "left_lateral_half_width_44": 0.048802942,
        "left_lateral_half_width_50": 0.052413061,
        "left_lateral_half_width_58": 0.05665911,
        "left_lateral_half_width_66": 0.055885367,
        "left_lateral_half_width_74": 0.052285641,
        "left_lateral_half_width_82": 0.038331717,
        "left_lateral_half_width_90": 0.023442166,
        "left_length": 0.27612543,
        "left_medial_half_width": 0.04183083,
        "left_medial_half_width_44": 0.035343271,
        "left_medial_half_width_50": 0.035257988,
        "left_medial_half_width_58": 0.03609487,
        "left_medial_half_width_66": 0.037241902,
        "left_medial_half_width_74": 0.039969943,
        "left_medial_half_width_82": 0.043317866,
        "left_medial_half_width_90": 0.046600085,
        "left_plastic_height": 0.15221778,
        "left_short_heel_girth": 0.33617678,
        "left_waist_girth": 0.2531251,
        "left_waist_lateral_half_width": 0.046795044,
        "left_width": 0.0988138,
        "right_ankle_wrap": 0.22339506,
        "right_arch_height": 0.017073218,
        "right_back_arch_gap_90": 0.0061176987,
        "right_ball_girth": 0.24845801,
        "right_bauer_fit": 0.49400529,
        "right_forefoot_height": 0.034526028,
        "right_heel_to_ball": 0.20319094,
        "right_heel_width": 0.066214114,
        "right_height_80": 0.034526028,
        "right_height_90": 0.026772831,
        "right_instep_girth": 0.25871864,
        "right_instep_height": 0.067283794,
        "right_lateral_half_width": 0.058649115,
        "right_lateral_half_width_44": 0.048580952,
        "right_lateral_half_width_50": 0.05243066,
        "right_lateral_half_width_58": 0.057958111,
        "right_lateral_half_width_66": 0.057638213,
        "right_lateral_half_width_74": 0.053203564,
        "right_lateral_half_width_82": 0.041093647,
        "right_lateral_half_width_90": 0.029759863,
        "right_length": 0.27716702,
        "right_medial_half_width": 0.039900884,
        "right_medial_half_width_44": 0.038132224,
        "right_medial_half_width_50": 0.038083185,
        "right_medial_half_width_58": 0.0377407,
        "right_medial_half_width_66": 0.038418118,
        "right_medial_half_width_74": 0.039842095,
        "right_medial_half_width_82": 0.040935609,
        "right_medial_half_width_90": 0.042664651,
        "right_plastic_height": 0.15306206,
        "right_short_heel_girth": 0.33658141,
        "right_waist_girth": 0.25965568,
        "right_waist_lateral_half_width": 0.04651624,
        "right_width": 0.09855
    },
    "size_gender": "male"
}