{
    "measurements": {
        "left_ankle_wrap": 0.22412121,
        "left_arch_height": 0.019004073,
        "left_back_arch_gap_90": 0.0071713845,
        "left_ball_girth": 0.2449315,
        "left_bauer_fit": 0.50471812,
        "left_forefoot_height": 0.034424063,
        "left_heel_to_ball": 0.22006685,
        "left_heel_width": 0.064588651,
        "left_height_80": 0.034424063,
        "left_height_90": 0.027135069,
        "left_instep_girth": 0.25665069,
        "left_instep_height": 0.068844594,
        "left_lateral_half_width": 0.05693049,
        "left_lateral_half_width_44": 0.049454622,
        "left_lateral_half_width_50": 0.052704711,
        "left_lateral_half_width_58": 0.056670997,
        "left_lateral_half_width_66": 0.055671494,
        "left_lateral_half_width_74": 0.052007474,
        "left_lateral_half_width_82": 0.03916632,
        "left_lateral_half_width_90": 0.025776243,
        "left_length": 0.27514133,
        "left_medial_half_width": 0.04373315,
        "left_medial_half_width_44": 0.033995103,
        "left_medial_half_width_50": 0.034495749,
        "left_medial_half_width_58": 0.03576906,
        "left_medial_half_width_66": 0.037108131,
        "left_medial_half_width_74": 0.040309861,
        "left_medial_half_width_82": 0.045232587,
        "left_medial_half_width_90": 0.04819439,
        "left_plastic_height": 0.15265521,
        "left_short_heel_girth": 0.33620602,
        "left_waist_girth": 0.25407228,
        "left_waist_lateral_half_width": 0.047618378,
        "left_width": 0.10066364,
        "right_ankle_wrap": 0.22072476,
        "right_arch_height": 0.018439157,
        "right_back_arch_gap_90": 0.00671696,
        "right_ball_girth": 0.24522722,
        "right_bauer_fit": 0.49231055,
        "right_forefoot_height": 0.033610541,
        "right_heel_to_ball": 0.19742398,
        "right_heel_width": 0.066376612,
        "right_height_80": 0.033610541,
        "right_height_90": 0.026392512,
        "right_instep_girth": 0.25910342,
        "right_instep_height": 0.066902585,
        "right_lateral_half_width": 0.058899242,
        "right_lateral_half_width_44": 0.048640095,
        "right_lateral_half_width_50": 0.053271342,
        "right_lateral_half_width_58": 0.058735915,
        "right_lateral_half_width_66": 0.057281096,
        "right_lateral_half_width_74": 0.053112194,
        "right_lateral_half_width_82": 0.041104052,
        "right_lateral_half_width_90": 0.029560743,
        "right_length": 0.27799371,
        "right_medial_half_width": 0.039347406,
        "right_medial_half_width_44": 0.037371352,
        "right_medial_half_width_50": 0.037763305,
        "right_medial_half_width_58": 0.037398946,
        "right_medial_half_width_66": 0.038176592,
        "right_medial_half_width_74": 0.038996406,
        "right_medial_half_width_82": 0.040456578,
        "right_medial_half_width_90": 0.042650957,
        "right_plastic_height": 0.15355125,
        "right_short_heel_girth": 0.33743486,
        "right_waist_girth": 0.25690109,
        "right_waist_lateral_half_width": 0.04673792,
        "right_width": 0.098246649
    },
    "size_gender": "male"
}