{
    "measurements": {
        "left_ankle_wrap": 0.26795539,
        "left_arch_height": 0.0044252477,
        "left_back_arch_gap_90": 0.0095851552,
        "left_ball_girth": 0.25899005,
        "left_bauer_fit": 0.50717396,
        "left_forefoot_height": 0.032985322,
        "left_heel_to_ball": 0.17954586,
        "left_heel_width": 0.068598554,
        "left_height_80": 0.032985322,
        "left_height_90": 0.024123035,
        "left_instep_girth": 0.26318374,
        "left_instep_height": 0.055235114,
        "left_lateral_half_width": 0.063116722,
        "left_lateral_half_width_44": 0.05968513,
        "left_lateral_half_width_50": 0.061735008,
        "left_lateral_half_width_58": 0.0630487,
        "left_lateral_half_width_66": 0.061820269,
        "left_lateral_half_width_74": 0.057474352,
        "left_lateral_half_width_82": 0.045954138,
        "left_lateral_half_width_90": 0.027593253,
        "left_length": 0.26047632,
        "left_medial_half_width": 0.041257154,
        "left_medial_half_width_44": 0.042327683,
        "left_medial_half_width_50": 0.042368345,
        "left_medial_half_width_58": 0.041257553,
        "left_medial_half_width_66": 0.041199703,
        "left_medial_half_width_74": 0.0405257,
        "left_medial_half_width_82": 0.038305763,
        "left_medial_half_width_90": 0.036409315,
        "left_plastic_height": 0.15319663,
        "left_short_heel_girth": 0.3303569,
        "left_waist_girth": 0.27412328,
        "left_waist_lateral_half_width": 0.05749952,
        "left_width": 0.10437387,
        "right_ankle_wrap": 0.26208255,
        "right_arch_height": 0.0044582463,
        "right_back_arch_gap_90": 0.011432338,
        "right_ball_girth": 0.25516272,
        "right_bauer_fit": 0.50700688,
        "right_forefoot_height": 0.031672284,
        "right_heel_to_ball": 0.17039527,
        "right_heel_width": 0.068419628,
        "right_height_80": 0.031672284,
        "right_height_90": 0.024382565,
        "right_instep_girth": 0.26602212,
        "right_instep_height": 0.055253897,
        "right_lateral_half_width": 0.06289877,
        "right_lateral_half_width_44": 0.058295004,
        "right_lateral_half_width_50": 0.061207768,
        "right_lateral_half_width_58": 0.062898405,
        "right_lateral_half_width_66": 0.06190465,
        "right_lateral_half_width_74": 0.05940555,
        "right_lateral_half_width_82": 0.047191937,
        "right_lateral_half_width_90": 0.02968616,
        "right_length": 0.26181045,
        "right_medial_half_width": 0.041432176,
        "right_medial_half_width_44": 0.042463984,
        "right_medial_half_width_50": 0.042907834,
        "right_medial_half_width_58": 0.041846305,
        "right_medial_half_width_66": 0.041255146,
        "right_medial_half_width_74": 0.039433487,
        "right_medial_half_width_82": 0.0362461,
        "right_medial_half_width_90": 0.032655984,
        "right_plastic_height": 0.15318196,
        "right_short_heel_girth": 0.3351239,
        "right_waist_girth": 0.27485323,
        "right_waist_lateral_half_width": 0.056074541,
        "right_width": 0.10433094
    },
    "size_gender": "female"
}