{
    "measurements": {
        "left_ankle_wrap": 0.28599763,
        "left_arch_height": 0.020883737,
        "left_back_arch_gap_90": 0.0057674134,
        "left_ball_girth": 0.24815543,
        "left_bauer_fit": 0.5061478,
        "left_forefoot_height": 0.037568893,
        "left_heel_to_ball": 0.21713465,
        "left_heel_width": 0.068076581,
        "left_height_80": 0.037568893,
        "left_height_90": 0.030921752,
        "left_instep_girth": 0.2557978,
        "left_instep_height": 0.071753249,
        "left_lateral_half_width": 0.05627526,
        "left_lateral_half_width_44": 0.049648073,
        "left_lateral_half_width_50": 0.052510228,
        "left_lateral_half_width_58": 0.055938073,
        "left_lateral_half_width_66": 0.055325788,
        "left_lateral_half_width_74": 0.052880015,
        "left_lateral_half_width_82": 0.041403159,
        "left_lateral_half_width_90": 0.023975585,
        "left_length": 0.2721757,
        "left_medial_half_width": 0.044046815,
        "left_medial_half_width_44": 0.031453561,
        "left_medial_half_width_50": 0.033609316,
        "left_medial_half_width_58": 0.035084054,
        "left_medial_half_width_66": 0.036871597,
        "left_medial_half_width_74": 0.04009014,
        "left_medial_half_width_82": 0.045695566,
        "left_medial_half_width_90": 0.049123865,
        "left_plastic_height": 0.15339173,
        "left_short_heel_girth": 0.33933106,
        "left_waist_girth": 0.25278264,
        "left_waist_lateral_half_width": 0.048047263,
        "left_width": 0.10032208,
        "right_ankle_wrap": 0.25768524,
        "right_arch_height": 0.017000752,
        "right_back_arch_gap_90": 0.0080341864,
        "right_ball_girth": 0.24780674,
        "right_bauer_fit": 0.5035522,
        "right_forefoot_height": 0.034718357,
        "right_heel_to_ball": 0.22155553,
        "right_heel_width": 0.066295184,
        "right_height_80": 0.034718357,
        "right_height_90": 0.027829841,
        "right_instep_girth": 0.26052669,
        "right_instep_height": 0.0669126,
        "right_lateral_half_width": 0.058995698,
        "right_lateral_half_width_44": 0.04815048,
        "right_lateral_half_width_50": 0.05257931,
        "right_lateral_half_width_58": 0.058379371,
        "right_lateral_half_width_66": 0.05772014,
        "right_lateral_half_width_74": 0.054265738,
        "right_lateral_half_width_82": 0.044037476,
        "right_lateral_half_width_90": 0.032559913,
        "right_length": 0.27849597,
        "right_medial_half_width": 0.041844852,
        "right_medial_half_width_44": 0.038772129,
        "right_medial_half_width_50": 0.038672082,
        "right_medial_half_width_58": 0.037482809,
        "right_medial_half_width_66": 0.03846848,
        "right_medial_half_width_74": 0.039527182,
        "right_medial_half_width_82": 0.0424535,
        "right_medial_half_width_90": 0.041488484,
        "right_plastic_height": 0.15214023,
        "right_short_heel_girth": 0.33745188,
        "right_waist_girth": 0.25935158,
        "right_waist_lateral_half_width": 0.046316911,
        "right_width": 0.10084055
    },
    "size_gender": "male"
}