{
    "measurements": {
        "left_ankle_wrap": 0.2215611,
        "left_arch_height": 0.019247973,
        "left_back_arch_gap_90": 0.0081934808,
        "left_ball_girth": 0.24299814,
        "left_bauer_fit": 0.49773148,
        "left_forefoot_height": 0.033859573,
        "left_heel_to_ball": 0.21881276,
        "left_heel_width": 0.062123,
        "left_height_80": 0.033859573,
        "left_height_90": 0.026322693,
        "left_instep_girth": 0.2543411,
        "left_instep_height": 0.068829179,
        "left_lateral_half_width": 0.05709967,
        "left_lateral_half_width_44": 0.048147153,
        "left_lateral_half_width_50": 0.05238907,
        "left_lateral_half_width_58": 0.056789551,
        "left_lateral_half_width_66": 0.055451807,
        "left_lateral_half_width_74": 0.052536245,
        "left_lateral_half_width_82": 0.040671848,
        "left_lateral_half_width_90": 0.024418404,
        "left_length": 0.27603734,
        "left_medial_half_width": 0.041953985,
        "left_medial_half_width_44": 0.034399368,
        "left_medial_half_width_50": 0.034703393,
        "left_medial_half_width_58": 0.035190411,
        "left_medial_half_width_66": 0.036953829,
        "left_medial_half_width_74": 0.039233848,
        "left_medial_half_width_82": 0.043408871,
        "left_medial_half_width_90": 0.046937324,
        "left_plastic_height": 0.15186541,
        "left_short_heel_girth": 0.33420232,
        "left_waist_girth": 0.25307295,
        "left_waist_lateral_half_width": 0.046355795,
        "left_width": 0.099053651,
        "right_ankle_wrap": 0.2188457,
        "right_arch_height": 0.017690912,
        "right_back_arch_gap_90": 0.0087632267,
        "right_ball_girth": 0.24475095,
        "right_bauer_fit": 0.4909988,
        "right_forefoot_height": 0.033481795,
        "right_heel_to_ball": 0.19659443,
        "right_heel_width": 0.065993041,
        "right_height_80": 0.033481795,
        "right_height_90": 0.026243368,
        "right_instep_girth": 0.25918004,
        "right_instep_height": 0.0668934,
        "right_lateral_half_width": 0.058685157,
        "right_lateral_half_width_44": 0.048395254,
        "right_lateral_half_width_50": 0.053169083,
        "right_lateral_half_width_58": 0.05858653,
        "right_lateral_half_width_66": 0.057381354,
        "right_lateral_half_width_74": 0.052855447,
        "right_lateral_half_width_82": 0.04127701,
        "right_lateral_half_width_90": 0.03007037,
        "right_length": 0.27781981,
        "right_medial_half_width": 0.039260667,
        "right_medial_half_width_44": 0.037659876,
        "right_medial_half_width_50": 0.037845813,
        "right_medial_half_width_58": 0.037133526,
        "right_medial_half_width_66": 0.038247745,
        "right_medial_half_width_74": 0.038880661,
        "right_medial_half_width_82": 0.040405415,
        "right_medial_half_width_90": 0.040870186,
        "right_plastic_height": 0.1521266,
        "right_short_heel_girth": 0.33598819,
        "right_waist_girth": 0.25805861,
        "right_waist_lateral_half_width": 0.046257529,
        "right_width": 0.097945824
    },
    "size_gender": "male"
}