{
    "measurements": {
        "left_ankle_wrap": 0.17217526,
        "left_arch_height": 0.011703408,
        "left_back_arch_gap_90": 0.0070728785,
        "left_ball_girth": 0.18323845,
        "left_bauer_fit": 0.35875061,
        "left_forefoot_height": 0.02488086,
        "left_heel_to_ball": 0.14629875,
        "left_heel_width": 0.047849409,
        "left_height_80": 0.02488086,
        "left_height_90": 0.017967146,
        "left_instep_girth": 0.1880461,
        "left_instep_height": 0.050064262,
        "left_lateral_half_width": 0.042403642,
        "left_lateral_half_width_44": 0.029977681,
        "left_lateral_half_width_50": 0.034109592,
        "left_lateral_half_width_58": 0.039160237,
        "left_lateral_half_width_66": 0.041772552,
        "left_lateral_half_width_74": 0.042360898,
        "left_lateral_half_width_82": 0.037879873,
        "left_lateral_half_width_90": 0.025812488,
        "left_length": 0.19816329,
        "left_medial_half_width": 0.028886504,
        "left_medial_half_width_44": 0.031763874,
        "left_medial_half_width_50": 0.03135987,
        "left_medial_half_width_58": 0.029121848,
        "left_medial_half_width_66": 0.027808148,
        "left_medial_half_width_74": 0.028873691,
        "left_medial_half_width_82": 0.027423579,
        "left_medial_half_width_90": 0.026502658,
        "left_plastic_height": 0.15077615,
        "left_short_heel_girth": 0.25371984,
        "left_waist_girth": 0.18855616,
        "left_waist_lateral_half_width": 0.028373258,
        "left_width": 0.07129015,
        "right_ankle_wrap": 0.16811724,
        "right_arch_height": 0.014063598,
        "right_back_arch_gap_90": 0.0093984343,
        "right_ball_girth": 0.18591079,
        "right_bauer_fit": 0.3737523,
        "right_forefoot_height": 0.024928089,
        "right_heel_to_ball": 0.14673656,
        "right_heel_width": 0.048094228,
        "right_height_80": 0.024928089,
        "right_height_90": 0.019007321,
        "right_instep_girth": 0.1888683,
        "right_instep_height": 0.050139546,
        "right_lateral_half_width": 0.044513658,
        "right_lateral_half_width_44": 0.030269155,
        "right_lateral_half_width_50": 0.033799648,
        "right_lateral_half_width_58": 0.038512211,
        "right_lateral_half_width_66": 0.042853918,
        "right_lateral_half_width_74": 0.04450563,
        "right_lateral_half_width_82": 0.039448056,
        "right_lateral_half_width_90": 0.028073419,
        "right_length": 0.19683546,
        "right_medial_half_width": 0.0302237,
        "right_medial_half_width_44": 0.031808503,
        "right_medial_half_width_50": 0.030509502,
        "right_medial_half_width_58": 0.029233646,
        "right_medial_half_width_66": 0.028538819,
        "right_medial_half_width_74": 0.030207813,
        "right_medial_half_width_82": 0.028850336,
        "right_medial_half_width_90": 0.026638305,
        "right_plastic_height": 0.15157835,
        "right_short_heel_girth": 0.25576377,
        "right_waist_girth": 0.1898859,
        "right_waist_lateral_half_width": 0.029094264,
        "right_width": 0.074737355
    },
    "size_gender": "female"
}