{
    "measurements": {
        "left_ankle_wrap": 0.21774958,
        "left_arch_height": 0.012849191,
        "left_back_arch_gap_90": 0.01032165,
        "left_ball_girth": 0.24735893,
        "left_bauer_fit": 0.4802708,
        "left_forefoot_height": 0.03368903,
        "left_heel_to_ball": 0.18524179,
        "left_heel_width": 0.064240634,
        "left_height_80": 0.03368903,
        "left_height_90": 0.026340742,
        "left_instep_girth": 0.24892206,
        "left_instep_height": 0.060828146,
        "left_lateral_half_width": 0.058226191,
        "left_lateral_half_width_44": 0.043373592,
        "left_lateral_half_width_50": 0.04960376,
        "left_lateral_half_width_58": 0.057579812,
        "left_lateral_half_width_66": 0.057269439,
        "left_lateral_half_width_74": 0.057223644,
        "left_lateral_half_width_82": 0.047706172,
        "left_lateral_half_width_90": 0.034403887,
        "left_length": 0.26422393,
        "left_medial_half_width": 0.03864279,
        "left_medial_half_width_44": 0.039810367,
        "left_medial_half_width_50": 0.038572919,
        "left_medial_half_width_58": 0.037031811,
        "left_medial_half_width_66": 0.038161341,
        "left_medial_half_width_74": 0.037732035,
        "left_medial_half_width_82": 0.032231268,
        "left_medial_half_width_90": 0.025330544,
        "left_plastic_height": 0.15258509,
        "left_short_heel_girth": 0.32146958,
        "left_waist_girth": 0.24339399,
        "left_waist_lateral_half_width": 0.039854042,
        "left_width": 0.096868977,
        "right_ankle_wrap": 0.21406382,
        "right_arch_height": 0.012867389,
        "right_back_arch_gap_90": 0.010117925,
        "right_ball_girth": 0.24962555,
        "right_bauer_fit": 0.49121097,
        "right_forefoot_height": 0.032832529,
        "right_heel_to_ball": 0.18936315,
        "right_heel_width": 0.063999251,
        "right_height_80": 0.032832529,
        "right_height_90": 0.026264401,
        "right_instep_girth": 0.24681357,
        "right_instep_height": 0.0581543,
        "right_lateral_half_width": 0.059571031,
        "right_lateral_half_width_44": 0.045709252,
        "right_lateral_half_width_50": 0.05176387,
        "right_lateral_half_width_58": 0.058839776,
        "right_lateral_half_width_66": 0.057627991,
        "right_lateral_half_width_74": 0.055715166,
        "right_lateral_half_width_82": 0.046912178,
        "right_lateral_half_width_90": 0.033183888,
        "right_length": 0.26421413,
        "right_medial_half_width": 0.040442064,
        "right_medial_half_width_44": 0.039057028,
        "right_medial_half_width_50": 0.038086232,
        "right_medial_half_width_58": 0.037388548,
        "right_medial_half_width_66": 0.038416635,
        "right_medial_half_width_74": 0.039943367,
        "right_medial_half_width_82": 0.033611875,
        "right_medial_half_width_90": 0.027982699,
        "right_plastic_height": 0.153087,
        "right_short_heel_girth": 0.31963158,
        "right_waist_girth": 0.24257237,
        "right_waist_lateral_half_width": 0.042617358,
        "right_width": 0.10001309
    },
    "size_gender": null
}