{
    "measurements": {
        "left_ankle_wrap": 0.17568247,
        "left_arch_height": 0.00868456,
        "left_back_arch_gap_90": 0.0076464484,
        "left_ball_girth": 0.17531274,
        "left_bauer_fit": 0.34581468,
        "left_forefoot_height": 0.024664199,
        "left_heel_to_ball": 0.1407547,
        "left_heel_width": 0.046296529,
        "left_height_80": 0.024664199,
        "left_height_90": 0.016777759,
        "left_instep_girth": 0.18076609,
        "left_instep_height": 0.047565874,
        "left_lateral_half_width": 0.041739505,
        "left_lateral_half_width_44": 0.031373307,
        "left_lateral_half_width_50": 0.034230884,
        "left_lateral_half_width_58": 0.037001852,
        "left_lateral_half_width_66": 0.039955884,
        "left_lateral_half_width_74": 0.041722853,
        "left_lateral_half_width_82": 0.03561661,
        "left_lateral_half_width_90": 0.023022333,
        "left_length": 0.18617758,
        "left_medial_half_width": 0.027140131,
        "left_medial_half_width_44": 0.028705349,
        "left_medial_half_width_50": 0.027170943,
        "left_medial_half_width_58": 0.0275624,
        "left_medial_half_width_66": 0.026623407,
        "left_medial_half_width_74": 0.02696331,
        "left_medial_half_width_82": 0.026218109,
        "left_medial_half_width_90": 0.026604172,
        "left_plastic_height": 0.15087841,
        "left_short_heel_girth": 0.23393831,
        "left_waist_girth": 0.183261,
        "left_waist_lateral_half_width": 0.030029885,
        "left_width": 0.068879634,
        "right_ankle_wrap": 0.17695227,
        "right_arch_height": 0.013853528,
        "right_back_arch_gap_90": 0.011862565,
        "right_ball_girth": 0.1773639,
        "right_bauer_fit": 0.35178414,
        "right_forefoot_height": 0.023693388,
        "right_heel_to_ball": 0.12084545,
        "right_heel_width": 0.046357892,
        "right_height_80": 0.023693388,
        "right_height_90": 0.016539298,
        "right_instep_girth": 0.18676756,
        "right_instep_height": 0.049200825,
        "right_lateral_half_width": 0.042233504,
        "right_lateral_half_width_44": 0.031184228,
        "right_lateral_half_width_50": 0.034376439,
        "right_lateral_half_width_58": 0.038624924,
        "right_lateral_half_width_66": 0.041173715,
        "right_lateral_half_width_74": 0.042213667,
        "right_lateral_half_width_82": 0.036681414,
        "right_lateral_half_width_90": 0.025350593,
        "right_length": 0.18568996,
        "right_medial_half_width": 0.027647167,
        "right_medial_half_width_44": 0.03141797,
        "right_medial_half_width_50": 0.029832046,
        "right_medial_half_width_58": 0.028278869,
        "right_medial_half_width_66": 0.027418522,
        "right_medial_half_width_74": 0.025463045,
        "right_medial_half_width_82": 0.025235355,
        "right_medial_half_width_90": 0.024540395,
        "right_plastic_height": 0.15131249,
        "right_short_heel_girth": 0.24109362,
        "right_waist_girth": 0.18453541,
        "right_waist_lateral_half_width": 0.029738832,
        "right_width": 0.069880672
    },
    "size_gender": "female"
}