{
    "measurements": {
        "left_ankle_wrap": 0.23206268,
        "left_arch_height": 0.013376156,
        "left_back_arch_gap_90": 0.0097737461,
        "left_ball_girth": 0.23595212,
        "left_bauer_fit": 0.46470609,
        "left_forefoot_height": 0.032383032,
        "left_heel_to_ball": 0.16334796,
        "left_heel_width": 0.067767739,
        "left_height_80": 0.032383032,
        "left_height_90": 0.023312373,
        "left_instep_girth": 0.24529593,
        "left_instep_height": 0.064460024,
        "left_lateral_half_width": 0.05532844,
        "left_lateral_half_width_44": 0.045537569,
        "left_lateral_half_width_50": 0.050951228,
        "left_lateral_half_width_58": 0.054316409,
        "left_lateral_half_width_66": 0.055325925,
        "left_lateral_half_width_74": 0.054904126,
        "left_lateral_half_width_82": 0.048534837,
        "left_lateral_half_width_90": 0.037121743,
        "left_length": 0.23850821,
        "left_medial_half_width": 0.037107147,
        "left_medial_half_width_44": 0.032209117,
        "left_medial_half_width_50": 0.03333433,
        "left_medial_half_width_58": 0.035332017,
        "left_medial_half_width_66": 0.03687536,
        "left_medial_half_width_74": 0.03658301,
        "left_medial_half_width_82": 0.034856543,
        "left_medial_half_width_90": 0.0317702,
        "left_plastic_height": 0.152723,
        "left_short_heel_girth": 0.32926881,
        "left_waist_girth": 0.24212998,
        "left_waist_lateral_half_width": 0.043870967,
        "left_width": 0.092435583,
        "right_ankle_wrap": 0.22991636,
        "right_arch_height": 0.016305447,
        "right_back_arch_gap_90": 0.008335256,
        "right_ball_girth": 0.23680452,
        "right_bauer_fit": 0.4653514,
        "right_forefoot_height": 0.03275796,
        "right_heel_to_ball": 0.17675601,
        "right_heel_width": 0.063602313,
        "right_height_80": 0.03275796,
        "right_height_90": 0.023232924,
        "right_instep_girth": 0.24018438,
        "right_instep_height": 0.063907109,
        "right_lateral_half_width": 0.055154372,
        "right_lateral_half_width_44": 0.046824116,
        "right_lateral_half_width_50": 0.050595317,
        "right_lateral_half_width_58": 0.053945757,
        "right_lateral_half_width_66": 0.05505868,
        "right_lateral_half_width_74": 0.05494694,
        "right_lateral_half_width_82": 0.04620808,
        "right_lateral_half_width_90": 0.032251142,
        "right_length": 0.23686707,
        "right_medial_half_width": 0.037557941,
        "right_medial_half_width_44": 0.0324936,
        "right_medial_half_width_50": 0.032676022,
        "right_medial_half_width_58": 0.034292746,
        "right_medial_half_width_66": 0.036698535,
        "right_medial_half_width_74": 0.037517309,
        "right_medial_half_width_82": 0.03747613,
        "right_medial_half_width_90": 0.036527727,
        "right_plastic_height": 0.15198407,
        "right_short_heel_girth": 0.32234797,
        "right_waist_girth": 0.23953982,
        "right_waist_lateral_half_width": 0.044779256,
        "right_width": 0.092712313
    },
    "size_gender": "female"
}