{
    "measurements": {
        "left_ankle_wrap": 0.22974326,
        "left_arch_height": 0.018371856,
        "left_back_arch_gap_90": 0.0087065548,
        "left_ball_girth": 0.23122425,
        "left_bauer_fit": 0.44926429,
        "left_forefoot_height": 0.035943251,
        "left_heel_to_ball": 0.17033577,
        "left_heel_width": 0.061058708,
        "left_height_80": 0.035943251,
        "left_height_90": 0.02562868,
        "left_instep_girth": 0.23608643,
        "left_instep_height": 0.066746466,
        "left_lateral_half_width": 0.052737132,
        "left_lateral_half_width_44": 0.043668769,
        "left_lateral_half_width_50": 0.046369642,
        "left_lateral_half_width_58": 0.050692149,
        "left_lateral_half_width_66": 0.052704643,
        "left_lateral_half_width_74": 0.05237015,
        "left_lateral_half_width_82": 0.048188388,
        "left_lateral_half_width_90": 0.032298904,
        "left_length": 0.24257782,
        "left_medial_half_width": 0.035604171,
        "left_medial_half_width_44": 0.03185736,
        "left_medial_half_width_50": 0.031845871,
        "left_medial_half_width_58": 0.034287795,
        "left_medial_half_width_66": 0.035112083,
        "left_medial_half_width_74": 0.035397507,
        "left_medial_half_width_82": 0.034836154,
        "left_medial_half_width_90": 0.033274617,
        "left_plastic_height": 0.15288639,
        "left_short_heel_girth": 0.3227337,
        "left_waist_girth": 0.23621236,
        "left_waist_lateral_half_width": 0.042404477,
        "left_width": 0.0883413,
        "right_ankle_wrap": 0.22690713,
        "right_arch_height": 0.01411703,
        "right_back_arch_gap_90": 0.0092135035,
        "right_ball_girth": 0.23531334,
        "right_bauer_fit": 0.46637449,
        "right_forefoot_height": 0.033368919,
        "right_heel_to_ball": 0.18212883,
        "right_heel_width": 0.062373757,
        "right_height_80": 0.033368919,
        "right_height_90": 0.025072722,
        "right_instep_girth": 0.23813967,
        "right_instep_height": 0.06357599,
        "right_lateral_half_width": 0.055371013,
        "right_lateral_half_width_44": 0.04531838,
        "right_lateral_half_width_50": 0.048801694,
        "right_lateral_half_width_58": 0.051880822,
        "right_lateral_half_width_66": 0.054142904,
        "right_lateral_half_width_74": 0.055201396,
        "right_lateral_half_width_82": 0.051054563,
        "right_lateral_half_width_90": 0.038535997,
        "right_length": 0.24194463,
        "right_medial_half_width": 0.03765405,
        "right_medial_half_width_44": 0.033511594,
        "right_medial_half_width_50": 0.033170003,
        "right_medial_half_width_58": 0.034659896,
        "right_medial_half_width_66": 0.036090292,
        "right_medial_half_width_74": 0.03758027,
        "right_medial_half_width_82": 0.035965245,
        "right_medial_half_width_90": 0.033116203,
        "right_plastic_height": 0.15243822,
        "right_short_heel_girth": 0.32181361,
        "right_waist_girth": 0.24003123,
        "right_waist_lateral_half_width": 0.043875776,
        "right_width": 0.093025059
    },
    "size_gender": "female"
}