{
    "measurements": {
        "left_ankle_wrap": 0.25489637,
        "left_arch_height": 0.010815212,
        "left_back_arch_gap_90": 0.0045203716,
        "left_ball_girth": 0.23022412,
        "left_bauer_fit": 0.45654991,
        "left_forefoot_height": 0.030760184,
        "left_heel_to_ball": 0.19059032,
        "left_heel_width": 0.066526383,
        "left_height_80": 0.030760184,
        "left_height_90": 0.021537894,
        "left_instep_girth": 0.2303587,
        "left_instep_height": 0.059240695,
        "left_lateral_half_width": 0.053219784,
        "left_lateral_half_width_44": 0.044016,
        "left_lateral_half_width_50": 0.046938516,
        "left_lateral_half_width_58": 0.051084809,
        "left_lateral_half_width_66": 0.053218905,
        "left_lateral_half_width_74": 0.050734498,
        "left_lateral_half_width_82": 0.040981766,
        "left_lateral_half_width_90": 0.024316225,
        "left_length": 0.24859747,
        "left_medial_half_width": 0.03853754,
        "left_medial_half_width_44": 0.033881854,
        "left_medial_half_width_50": 0.033691611,
        "left_medial_half_width_58": 0.033794481,
        "left_medial_half_width_66": 0.035470475,
        "left_medial_half_width_74": 0.038052928,
        "left_medial_half_width_82": 0.037218843,
        "left_medial_half_width_90": 0.035778943,
        "left_plastic_height": 0.1525646,
        "left_short_heel_girth": 0.31677213,
        "left_waist_girth": 0.23422234,
        "left_waist_lateral_half_width": 0.042500697,
        "left_width": 0.091757327,
        "right_ankle_wrap": 0.24800597,
        "right_arch_height": 0.010040398,
        "right_back_arch_gap_90": 0.0067919288,
        "right_ball_girth": 0.23184036,
        "right_bauer_fit": 0.4604733,
        "right_forefoot_height": 0.031317953,
        "right_heel_to_ball": 0.19230042,
        "right_heel_width": 0.066125482,
        "right_height_80": 0.031317953,
        "right_height_90": 0.021144943,
        "right_instep_girth": 0.22860253,
        "right_instep_height": 0.057640266,
        "right_lateral_half_width": 0.05397341,
        "right_lateral_half_width_44": 0.045352139,
        "right_lateral_half_width_50": 0.048581958,
        "right_lateral_half_width_58": 0.0519118,
        "right_lateral_half_width_66": 0.05362235,
        "right_lateral_half_width_74": 0.051602982,
        "right_lateral_half_width_82": 0.040268436,
        "right_lateral_half_width_90": 0.022928586,
        "right_length": 0.25143951,
        "right_medial_half_width": 0.039059628,
        "right_medial_half_width_44": 0.032778047,
        "right_medial_half_width_50": 0.032845777,
        "right_medial_half_width_58": 0.034144055,
        "right_medial_half_width_66": 0.03574409,
        "right_medial_half_width_74": 0.038794998,
        "right_medial_half_width_82": 0.038609009,
        "right_medial_half_width_90": 0.036812883,
        "right_plastic_height": 0.15204203,
        "right_short_heel_girth": 0.31304938,
        "right_waist_girth": 0.23325545,
        "right_waist_lateral_half_width": 0.043509644,
        "right_width": 0.093033038
    },
    "size_gender": "female"
}