{
    "measurements": {
        "left_ankle_wrap": 0.182325,
        "left_arch_height": 0.013801049,
        "left_back_arch_gap_90": 0.004867448,
        "left_ball_girth": 0.18901172,
        "left_bauer_fit": 0.3776145,
        "left_forefoot_height": 0.025286853,
        "left_heel_to_ball": 0.13994317,
        "left_heel_width": 0.0506292,
        "left_height_80": 0.025286853,
        "left_height_90": 0.016816972,
        "left_instep_girth": 0.19095884,
        "left_instep_height": 0.051688023,
        "left_lateral_half_width": 0.045000959,
        "left_lateral_half_width_44": 0.034594841,
        "left_lateral_half_width_50": 0.037295815,
        "left_lateral_half_width_58": 0.040544782,
        "left_lateral_half_width_66": 0.043729689,
        "left_lateral_half_width_74": 0.044856977,
        "left_lateral_half_width_82": 0.041066647,
        "left_lateral_half_width_90": 0.02795724,
        "left_length": 0.18938386,
        "left_medial_half_width": 0.030270742,
        "left_medial_half_width_44": 0.03026738,
        "left_medial_half_width_50": 0.02857865,
        "left_medial_half_width_58": 0.027528174,
        "left_medial_half_width_66": 0.029145814,
        "left_medial_half_width_74": 0.030269342,
        "left_medial_half_width_82": 0.030102488,
        "left_medial_half_width_90": 0.028345753,
        "left_plastic_height": 0.15136898,
        "left_short_heel_girth": 0.25301629,
        "left_waist_girth": 0.19337955,
        "left_waist_lateral_half_width": 0.032805692,
        "left_width": 0.0752717,
        "right_ankle_wrap": 0.17790394,
        "right_arch_height": 0.014571499,
        "right_back_arch_gap_90": 0.0063914256,
        "right_ball_girth": 0.19395211,
        "right_bauer_fit": 0.38457304,
        "right_forefoot_height": 0.024126846,
        "right_heel_to_ball": 0.13920502,
        "right_heel_width": 0.050343558,
        "right_height_80": 0.024126846,
        "right_height_90": 0.017319426,
        "right_instep_girth": 0.19475773,
        "right_instep_height": 0.048531178,
        "right_lateral_half_width": 0.045763504,
        "right_lateral_half_width_44": 0.036212493,
        "right_lateral_half_width_50": 0.040171195,
        "right_lateral_half_width_58": 0.043533284,
        "right_lateral_half_width_66": 0.045695171,
        "right_lateral_half_width_74": 0.04510111,
        "right_lateral_half_width_82": 0.042646073,
        "right_lateral_half_width_90": 0.031145759,
        "right_length": 0.18815164,
        "right_medial_half_width": 0.031844322,
        "right_medial_half_width_44": 0.029625034,
        "right_medial_half_width_50": 0.030085888,
        "right_medial_half_width_58": 0.029256415,
        "right_medial_half_width_66": 0.030370483,
        "right_medial_half_width_74": 0.031843614,
        "right_medial_half_width_82": 0.030329321,
        "right_medial_half_width_90": 0.027396549,
        "right_plastic_height": 0.15081844,
        "right_short_heel_girth": 0.24878918,
        "right_waist_girth": 0.19167939,
        "right_waist_lateral_half_width": 0.034100387,
        "right_width": 0.077607825
    },
    "size_gender": "male"
}