{
    "measurements": {
        "left_ankle_wrap": 0.22070237,
        "left_arch_height": 0.012933229,
        "left_back_arch_gap_90": 0.0089073675,
        "left_ball_girth": 0.24889962,
        "left_bauer_fit": 0.48434392,
        "left_forefoot_height": 0.033852004,
        "left_heel_to_ball": 0.18773943,
        "left_heel_width": 0.064877376,
        "left_height_80": 0.033852004,
        "left_height_90": 0.026667213,
        "left_instep_girth": 0.24755105,
        "left_instep_height": 0.061254084,
        "left_lateral_half_width": 0.058263279,
        "left_lateral_half_width_44": 0.043177538,
        "left_lateral_half_width_50": 0.049589284,
        "left_lateral_half_width_58": 0.057104461,
        "left_lateral_half_width_66": 0.057426907,
        "left_lateral_half_width_74": 0.056356858,
        "left_lateral_half_width_82": 0.045955725,
        "left_lateral_half_width_90": 0.030711537,
        "left_length": 0.26494128,
        "left_medial_half_width": 0.039448004,
        "left_medial_half_width_44": 0.038375635,
        "left_medial_half_width_50": 0.037841108,
        "left_medial_half_width_58": 0.036969915,
        "left_medial_half_width_66": 0.038268276,
        "left_medial_half_width_74": 0.038806476,
        "left_medial_half_width_82": 0.034268778,
        "left_medial_half_width_90": 0.028829532,
        "left_plastic_height": 0.15139368,
        "left_short_heel_girth": 0.32262537,
        "left_waist_girth": 0.24167193,
        "left_waist_lateral_half_width": 0.0398818,
        "left_width": 0.09771128,
        "right_ankle_wrap": 0.21579792,
        "right_arch_height": 0.012778101,
        "right_back_arch_gap_90": 0.010075652,
        "right_ball_girth": 0.24763589,
        "right_bauer_fit": 0.48604426,
        "right_forefoot_height": 0.032145031,
        "right_heel_to_ball": 0.18746082,
        "right_heel_width": 0.063293263,
        "right_height_80": 0.032145031,
        "right_height_90": 0.025274845,
        "right_instep_girth": 0.24447693,
        "right_instep_height": 0.057869721,
        "right_lateral_half_width": 0.058935378,
        "right_lateral_half_width_44": 0.045179296,
        "right_lateral_half_width_50": 0.051210877,
        "right_lateral_half_width_58": 0.05769733,
        "right_lateral_half_width_66": 0.057445578,
        "right_lateral_half_width_74": 0.055457193,
        "right_lateral_half_width_82": 0.046436284,
        "right_lateral_half_width_90": 0.03129347,
        "right_length": 0.2645002,
        "right_medial_half_width": 0.039950196,
        "right_medial_half_width_44": 0.038399093,
        "right_medial_half_width_50": 0.037430473,
        "right_medial_half_width_58": 0.036686756,
        "right_medial_half_width_66": 0.038295146,
        "right_medial_half_width_74": 0.039129823,
        "right_medial_half_width_82": 0.033141643,
        "right_medial_half_width_90": 0.028284863,
        "right_plastic_height": 0.15113609,
        "right_short_heel_girth": 0.31987429,
        "right_waist_girth": 0.24148221,
        "right_waist_lateral_half_width": 0.042225886,
        "right_width": 0.098885573
    },
    "size_gender": null
}