{
    "measurements": {
        "left_ankle_wrap": 0.22652671,
        "left_arch_height": 0.016261341,
        "left_back_arch_gap_90": 0.0061864862,
        "left_ball_girth": 0.24479592,
        "left_bauer_fit": 0.50277591,
        "left_forefoot_height": 0.033757817,
        "left_heel_to_ball": 0.219597,
        "left_heel_width": 0.065609023,
        "left_height_80": 0.033757817,
        "left_height_90": 0.026428921,
        "left_instep_girth": 0.25795886,
        "left_instep_height": 0.067948975,
        "left_lateral_half_width": 0.056851413,
        "left_lateral_half_width_44": 0.047823459,
        "left_lateral_half_width_50": 0.051748987,
        "left_lateral_half_width_58": 0.056626175,
        "left_lateral_half_width_66": 0.056238331,
        "left_lateral_half_width_74": 0.051805954,
        "left_lateral_half_width_82": 0.036938645,
        "left_lateral_half_width_90": 0.024308788,
        "left_length": 0.27478394,
        "left_medial_half_width": 0.043570515,
        "left_medial_half_width_44": 0.035982497,
        "left_medial_half_width_50": 0.036468238,
        "left_medial_half_width_58": 0.036628112,
        "left_medial_half_width_66": 0.037467044,
        "left_medial_half_width_74": 0.04048479,
        "left_medial_half_width_82": 0.045151986,
        "left_medial_half_width_90": 0.048445359,
        "left_plastic_height": 0.15230706,
        "left_short_heel_girth": 0.33747983,
        "left_waist_girth": 0.25478607,
        "left_waist_lateral_half_width": 0.04612799,
        "left_width": 0.10042193,
        "right_ankle_wrap": 0.22531046,
        "right_arch_height": 0.015725289,
        "right_back_arch_gap_90": 0.0056333188,
        "right_ball_girth": 0.24636118,
        "right_bauer_fit": 0.49985296,
        "right_forefoot_height": 0.032726262,
        "right_heel_to_ball": 0.2213558,
        "right_heel_width": 0.065671928,
        "right_height_80": 0.032726262,
        "right_height_90": 0.025509294,
        "right_instep_girth": 0.25916493,
        "right_instep_height": 0.067020386,
        "right_lateral_half_width": 0.058921713,
        "right_lateral_half_width_44": 0.048913248,
        "right_lateral_half_width_50": 0.053012095,
        "right_lateral_half_width_58": 0.058312453,
        "right_lateral_half_width_66": 0.056609578,
        "right_lateral_half_width_74": 0.053224802,
        "right_lateral_half_width_82": 0.041723393,
        "right_lateral_half_width_90": 0.029170465,
        "right_length": 0.27685142,
        "right_medial_half_width": 0.04103962,
        "right_medial_half_width_44": 0.037030913,
        "right_medial_half_width_50": 0.037263539,
        "right_medial_half_width_58": 0.037179258,
        "right_medial_half_width_66": 0.037731331,
        "right_medial_half_width_74": 0.039867815,
        "right_medial_half_width_82": 0.042452674,
        "right_medial_half_width_90": 0.045735825,
        "right_plastic_height": 0.15160373,
        "right_short_heel_girth": 0.33579284,
        "right_waist_girth": 0.25949532,
        "right_waist_lateral_half_width": 0.04675886,
        "right_width": 0.099961333
    },
    "size_gender": "male"
}