{
    "measurements": {
        "left_ankle_wrap": 0.25351906,
        "left_arch_height": 0.013461538,
        "left_back_arch_gap_90": 0.0094202207,
        "left_ball_girth": 0.21931881,
        "left_bauer_fit": 0.42671227,
        "left_forefoot_height": 0.029392192,
        "left_heel_to_ball": 0.17238809,
        "left_heel_width": 0.059384838,
        "left_height_80": 0.029392192,
        "left_height_90": 0.022004774,
        "left_instep_girth": 0.22326228,
        "left_instep_height": 0.057778437,
        "left_lateral_half_width": 0.051237553,
        "left_lateral_half_width_44": 0.04369352,
        "left_lateral_half_width_50": 0.046380896,
        "left_lateral_half_width_58": 0.050266411,
        "left_lateral_half_width_66": 0.050778694,
        "left_lateral_half_width_74": 0.049505837,
        "left_lateral_half_width_82": 0.043740574,
        "left_lateral_half_width_90": 0.030640636,
        "left_length": 0.23433818,
        "left_medial_half_width": 0.033966575,
        "left_medial_half_width_44": 0.031998739,
        "left_medial_half_width_50": 0.031565458,
        "left_medial_half_width_58": 0.03246814,
        "left_medial_half_width_66": 0.033824403,
        "left_medial_half_width_74": 0.033932492,
        "left_medial_half_width_82": 0.032919943,
        "left_medial_half_width_90": 0.030843221,
        "left_plastic_height": 0.15194167,
        "left_short_heel_girth": 0.29167265,
        "left_waist_girth": 0.2248015,
        "left_waist_lateral_half_width": 0.041924018,
        "left_width": 0.085204124,
        "right_ankle_wrap": 0.26222387,
        "right_arch_height": 0.013268267,
        "right_back_arch_gap_90": 0.010147643,
        "right_ball_girth": 0.21915026,
        "right_bauer_fit": 0.4334054,
        "right_forefoot_height": 0.027261902,
        "right_heel_to_ball": 0.16609921,
        "right_heel_width": 0.058436617,
        "right_height_80": 0.027261902,
        "right_height_90": 0.020548111,
        "right_instep_girth": 0.220635,
        "right_instep_height": 0.055768505,
        "right_lateral_half_width": 0.051934574,
        "right_lateral_half_width_44": 0.044608489,
        "right_lateral_half_width_50": 0.047362585,
        "right_lateral_half_width_58": 0.050318927,
        "right_lateral_half_width_66": 0.051145956,
        "right_lateral_half_width_74": 0.049897354,
        "right_lateral_half_width_82": 0.043004785,
        "right_lateral_half_width_90": 0.029996902,
        "right_length": 0.23077323,
        "right_medial_half_width": 0.035279494,
        "right_medial_half_width_44": 0.030890139,
        "right_medial_half_width_50": 0.030954598,
        "right_medial_half_width_58": 0.031764712,
        "right_medial_half_width_66": 0.034084275,
        "right_medial_half_width_74": 0.035163615,
        "right_medial_half_width_82": 0.033165772,
        "right_medial_half_width_90": 0.030468628,
        "right_plastic_height": 0.15167509,
        "right_short_heel_girth": 0.28558046,
        "right_waist_girth": 0.22198093,
        "right_waist_lateral_half_width": 0.042476259,
        "right_width": 0.087214068
    },
    "size_gender": null
}