{
    "measurements": {
        "left_ankle_wrap": 0.22305389,
        "left_arch_height": 0.018366119,
        "left_back_arch_gap_90": 0.0099065946,
        "left_ball_girth": 0.25486091,
        "left_bauer_fit": 0.50995654,
        "left_forefoot_height": 0.036316339,
        "left_heel_to_ball": 0.18956704,
        "left_heel_width": 0.064831555,
        "left_height_80": 0.036316339,
        "left_height_90": 0.027353808,
        "left_instep_girth": 0.25535011,
        "left_instep_height": 0.067629732,
        "left_lateral_half_width": 0.060271904,
        "left_lateral_half_width_44": 0.04891631,
        "left_lateral_half_width_50": 0.054381561,
        "left_lateral_half_width_58": 0.058894362,
        "left_lateral_half_width_66": 0.05958515,
        "left_lateral_half_width_74": 0.057187881,
        "left_lateral_half_width_82": 0.048348755,
        "left_lateral_half_width_90": 0.038869884,
        "left_length": 0.26373205,
        "left_medial_half_width": 0.041882098,
        "left_medial_half_width_44": 0.035445403,
        "left_medial_half_width_50": 0.034824576,
        "left_medial_half_width_58": 0.035953734,
        "left_medial_half_width_66": 0.039724085,
        "left_medial_half_width_74": 0.041159842,
        "left_medial_half_width_82": 0.037117217,
        "left_medial_half_width_90": 0.033610307,
        "left_plastic_height": 0.15253808,
        "left_short_heel_girth": 0.33579394,
        "left_waist_girth": 0.25141451,
        "left_waist_lateral_half_width": 0.046407729,
        "left_width": 0.102154,
        "right_ankle_wrap": 0.22267623,
        "right_arch_height": 0.014347965,
        "right_back_arch_gap_90": 0.012987961,
        "right_ball_girth": 0.25736552,
        "right_bauer_fit": 0.51680309,
        "right_forefoot_height": 0.033365741,
        "right_heel_to_ball": 0.19154702,
        "right_heel_width": 0.066560209,
        "right_height_80": 0.033365741,
        "right_height_90": 0.025347404,
        "right_instep_girth": 0.25739262,
        "right_instep_height": 0.063625671,
        "right_lateral_half_width": 0.061472461,
        "right_lateral_half_width_44": 0.051353961,
        "right_lateral_half_width_50": 0.056065116,
        "right_lateral_half_width_58": 0.060178414,
        "right_lateral_half_width_66": 0.059931494,
        "right_lateral_half_width_74": 0.057517309,
        "right_lateral_half_width_82": 0.047823139,
        "right_lateral_half_width_90": 0.032826435,
        "right_length": 0.26318538,
        "right_medial_half_width": 0.043187447,
        "right_medial_half_width_44": 0.036897864,
        "right_medial_half_width_50": 0.036105052,
        "right_medial_half_width_58": 0.037425987,
        "right_medial_half_width_66": 0.039947487,
        "right_medial_half_width_74": 0.043004163,
        "right_medial_half_width_82": 0.038036093,
        "right_medial_half_width_90": 0.037035521,
        "right_plastic_height": 0.15127011,
        "right_short_heel_girth": 0.3379823,
        "right_waist_girth": 0.25629714,
        "right_waist_lateral_half_width": 0.048861355,
        "right_width": 0.10465991
    },
    "size_gender": "male"
}