{
    "measurements": {
        "left_ankle_wrap": 0.24968202,
        "left_arch_height": 0.017165136,
        "left_back_arch_gap_90": -0.0018025424,
        "left_ball_girth": 0.24300624,
        "left_bauer_fit": 0.46347544,
        "left_forefoot_height": 0.035972234,
        "left_heel_to_ball": 0.16527526,
        "left_heel_width": 0.060663693,
        "left_height_80": 0.035972234,
        "left_height_90": 0.025930036,
        "left_instep_girth": 0.23650362,
        "left_instep_height": 0.063684382,
        "left_lateral_half_width": 0.054816078,
        "left_lateral_half_width_44": 0.045847088,
        "left_lateral_half_width_50": 0.049294069,
        "left_lateral_half_width_58": 0.053289928,
        "left_lateral_half_width_66": 0.054709919,
        "left_lateral_half_width_74": 0.05349284,
        "left_lateral_half_width_82": 0.046115335,
        "left_lateral_half_width_90": 0.027284198,
        "left_length": 0.22912249,
        "left_medial_half_width": 0.037514418,
        "left_medial_half_width_44": 0.030709725,
        "left_medial_half_width_50": 0.031170521,
        "left_medial_half_width_58": 0.033170145,
        "left_medial_half_width_66": 0.036465455,
        "left_medial_half_width_74": 0.037268456,
        "left_medial_half_width_82": 0.032522038,
        "left_medial_half_width_90": 0.027070142,
        "left_plastic_height": 0.15284647,
        "left_short_heel_girth": 0.31759447,
        "left_waist_girth": 0.23541033,
        "left_waist_lateral_half_width": 0.044106409,
        "left_width": 0.0923305,
        "right_ankle_wrap": 0.25415608,
        "right_arch_height": 0.017682238,
        "right_back_arch_gap_90": 0.00016717265,
        "right_ball_girth": 0.24199323,
        "right_bauer_fit": 0.47104824,
        "right_forefoot_height": 0.034758091,
        "right_heel_to_ball": 0.16278276,
        "right_heel_width": 0.061161727,
        "right_height_80": 0.034758091,
        "right_height_90": 0.025184987,
        "right_instep_girth": 0.23889732,
        "right_instep_height": 0.062722325,
        "right_lateral_half_width": 0.056119256,
        "right_lateral_half_width_44": 0.045759924,
        "right_lateral_half_width_50": 0.049329143,
        "right_lateral_half_width_58": 0.054563116,
        "right_lateral_half_width_66": 0.055533841,
        "right_lateral_half_width_74": 0.055541422,
        "right_lateral_half_width_82": 0.047570962,
        "right_lateral_half_width_90": 0.027520126,
        "right_length": 0.22823246,
        "right_medial_half_width": 0.038182337,
        "right_medial_half_width_44": 0.034190282,
        "right_medial_half_width_50": 0.034338895,
        "right_medial_half_width_58": 0.035279475,
        "right_medial_half_width_66": 0.037009671,
        "right_medial_half_width_74": 0.037961852,
        "right_medial_half_width_82": 0.031834316,
        "right_medial_half_width_90": 0.026104644,
        "right_plastic_height": 0.15230949,
        "right_short_heel_girth": 0.32017148,
        "right_waist_girth": 0.23736306,
        "right_waist_lateral_half_width": 0.043853968,
        "right_width": 0.0943016
    },
    "size_gender": "female"
}