{
    "measurements": {
        "left_ankle_wrap": 0.22469872,
        "left_arch_height": 0.012753079,
        "left_back_arch_gap_90": 0.0096443621,
        "left_ball_girth": 0.25630167,
        "left_bauer_fit": 0.51676804,
        "left_forefoot_height": 0.034552258,
        "left_heel_to_ball": 0.19097941,
        "left_heel_width": 0.066040307,
        "left_height_80": 0.034552258,
        "left_height_90": 0.026185878,
        "left_instep_girth": 0.25827253,
        "left_instep_height": 0.06425637,
        "left_lateral_half_width": 0.061110478,
        "left_lateral_half_width_44": 0.048984904,
        "left_lateral_half_width_50": 0.054779779,
        "left_lateral_half_width_58": 0.059273954,
        "left_lateral_half_width_66": 0.060792979,
        "left_lateral_half_width_74": 0.058123596,
        "left_lateral_half_width_82": 0.048316021,
        "left_lateral_half_width_90": 0.037208974,
        "left_length": 0.26559281,
        "left_medial_half_width": 0.043395687,
        "left_medial_half_width_44": 0.03910052,
        "left_medial_half_width_50": 0.037881587,
        "left_medial_half_width_58": 0.037821546,
        "left_medial_half_width_66": 0.040525205,
        "left_medial_half_width_74": 0.042890444,
        "left_medial_half_width_82": 0.036278229,
        "left_medial_half_width_90": 0.033383746,
        "left_plastic_height": 0.15320122,
        "left_short_heel_girth": 0.33582819,
        "left_waist_girth": 0.25564006,
        "left_waist_lateral_half_width": 0.045923308,
        "left_width": 0.10450616,
        "right_ankle_wrap": 0.22544903,
        "right_arch_height": 0.013315483,
        "right_back_arch_gap_90": 0.0096512726,
        "right_ball_girth": 0.25331935,
        "right_bauer_fit": 0.5102722,
        "right_forefoot_height": 0.031930834,
        "right_heel_to_ball": 0.19429988,
        "right_heel_width": 0.067904942,
        "right_height_80": 0.031930834,
        "right_height_90": 0.024462892,
        "right_instep_girth": 0.25817066,
        "right_instep_height": 0.061152462,
        "right_lateral_half_width": 0.061470062,
        "right_lateral_half_width_44": 0.050434187,
        "right_lateral_half_width_50": 0.056028113,
        "right_lateral_half_width_58": 0.060594205,
        "right_lateral_half_width_66": 0.060310725,
        "right_lateral_half_width_74": 0.057703782,
        "right_lateral_half_width_82": 0.048273336,
        "right_lateral_half_width_90": 0.035041511,
        "right_length": 0.26415613,
        "right_medial_half_width": 0.042252753,
        "right_medial_half_width_44": 0.039515369,
        "right_medial_half_width_50": 0.038404875,
        "right_medial_half_width_58": 0.038000595,
        "right_medial_half_width_66": 0.040198032,
        "right_medial_half_width_74": 0.042236414,
        "right_medial_half_width_82": 0.036250245,
        "right_medial_half_width_90": 0.033804521,
        "right_plastic_height": 0.15235984,
        "right_short_heel_girth": 0.33630416,
        "right_waist_girth": 0.25450471,
        "right_waist_lateral_half_width": 0.047744058,
        "right_width": 0.10372281
    },
    "size_gender": "male"
}