{
    "measurements": {
        "left_ankle_wrap": 0.22399764,
        "left_arch_height": 0.017406033,
        "left_back_arch_gap_90": 0.006424733,
        "left_ball_girth": 0.24307519,
        "left_bauer_fit": 0.49267507,
        "left_forefoot_height": 0.034140363,
        "left_heel_to_ball": 0.21862648,
        "left_heel_width": 0.065347157,
        "left_height_80": 0.034140363,
        "left_height_90": 0.027179193,
        "left_instep_girth": 0.25677949,
        "left_instep_height": 0.068598315,
        "left_lateral_half_width": 0.056496561,
        "left_lateral_half_width_44": 0.048884146,
        "left_lateral_half_width_50": 0.051775761,
        "left_lateral_half_width_58": 0.056166772,
        "left_lateral_half_width_66": 0.055724557,
        "left_lateral_half_width_74": 0.050554175,
        "left_lateral_half_width_82": 0.037309382,
        "left_lateral_half_width_90": 0.023519643,
        "left_length": 0.27614141,
        "left_medial_half_width": 0.041442651,
        "left_medial_half_width_44": 0.035489637,
        "left_medial_half_width_50": 0.035605069,
        "left_medial_half_width_58": 0.036302883,
        "left_medial_half_width_66": 0.037141591,
        "left_medial_half_width_74": 0.039431173,
        "left_medial_half_width_82": 0.043718882,
        "left_medial_half_width_90": 0.045842122,
        "left_plastic_height": 0.15245868,
        "left_short_heel_girth": 0.33518487,
        "left_waist_girth": 0.25423622,
        "left_waist_lateral_half_width": 0.046764161,
        "left_width": 0.097939208,
        "right_ankle_wrap": 0.22118405,
        "right_arch_height": 0.018372849,
        "right_back_arch_gap_90": 0.0058128005,
        "right_ball_girth": 0.24454735,
        "right_bauer_fit": 0.49146631,
        "right_forefoot_height": 0.033432491,
        "right_heel_to_ball": 0.20067671,
        "right_heel_width": 0.0670528,
        "right_height_80": 0.033432491,
        "right_height_90": 0.026022177,
        "right_instep_girth": 0.2557483,
        "right_instep_height": 0.066479735,
        "right_lateral_half_width": 0.058311928,
        "right_lateral_half_width_44": 0.048357908,
        "right_lateral_half_width_50": 0.05221425,
        "right_lateral_half_width_58": 0.057306647,
        "right_lateral_half_width_66": 0.056971632,
        "right_lateral_half_width_74": 0.052676,
        "right_lateral_half_width_82": 0.039995894,
        "right_lateral_half_width_90": 0.027159568,
        "right_length": 0.2768611,
        "right_medial_half_width": 0.0398374,
        "right_medial_half_width_44": 0.037416037,
        "right_medial_half_width_50": 0.038357083,
        "right_medial_half_width_58": 0.037436087,
        "right_medial_half_width_66": 0.037965357,
        "right_medial_half_width_74": 0.039644908,
        "right_medial_half_width_82": 0.040920831,
        "right_medial_half_width_90": 0.041627057,
        "right_plastic_height": 0.15388985,
        "right_short_heel_girth": 0.33410841,
        "right_waist_girth": 0.25569892,
        "right_waist_lateral_half_width": 0.046401363,
        "right_width": 0.098149329
    },
    "size_gender": "male"
}