{
    "measurements": {
        "left_ankle_wrap": 0.23781304,
        "left_arch_height": 0.010353514,
        "left_back_arch_gap_90": 0.012469454,
        "left_ball_girth": 0.25740597,
        "left_bauer_fit": 0.50852633,
        "left_forefoot_height": 0.037918426,
        "left_heel_to_ball": 0.2124777,
        "left_heel_width": 0.072393313,
        "left_height_80": 0.037918426,
        "left_height_90": 0.029243041,
        "left_instep_girth": 0.24963161,
        "left_instep_height": 0.058949605,
        "left_lateral_half_width": 0.061042055,
        "left_lateral_half_width_44": 0.04684446,
        "left_lateral_half_width_50": 0.050199308,
        "left_lateral_half_width_58": 0.057129376,
        "left_lateral_half_width_66": 0.059883144,
        "left_lateral_half_width_74": 0.0595889,
        "left_lateral_half_width_82": 0.048889473,
        "left_lateral_half_width_90": 0.030332154,
        "left_length": 0.28393233,
        "left_medial_half_width": 0.042786289,
        "left_medial_half_width_44": 0.040511694,
        "left_medial_half_width_50": 0.039360542,
        "left_medial_half_width_58": 0.038016696,
        "left_medial_half_width_66": 0.039919242,
        "left_medial_half_width_74": 0.042728931,
        "left_medial_half_width_82": 0.040094413,
        "left_medial_half_width_90": 0.035986967,
        "left_plastic_height": 0.15271211,
        "left_short_heel_girth": 0.35396221,
        "left_waist_girth": 0.25501734,
        "left_waist_lateral_half_width": 0.045897137,
        "left_width": 0.10382834,
        "right_ankle_wrap": 0.23656332,
        "right_arch_height": 0.0092751076,
        "right_back_arch_gap_90": 0.015344316,
        "right_ball_girth": 0.265464,
        "right_bauer_fit": 0.52402222,
        "right_forefoot_height": 0.035392914,
        "right_heel_to_ball": 0.21200266,
        "right_heel_width": 0.073154107,
        "right_height_80": 0.035392914,
        "right_height_90": 0.027909584,
        "right_instep_girth": 0.25330892,
        "right_instep_height": 0.058863111,
        "right_lateral_half_width": 0.063433692,
        "right_lateral_half_width_44": 0.051444367,
        "right_lateral_half_width_50": 0.055154819,
        "right_lateral_half_width_58": 0.061800957,
        "right_lateral_half_width_66": 0.063029252,
        "right_lateral_half_width_74": 0.061726317,
        "right_lateral_half_width_82": 0.047988,
        "right_lateral_half_width_90": 0.028764213,
        "right_length": 0.2850976,
        "right_medial_half_width": 0.043993354,
        "right_medial_half_width_44": 0.03729479,
        "right_medial_half_width_50": 0.035956372,
        "right_medial_half_width_58": 0.037706807,
        "right_medial_half_width_66": 0.042016786,
        "right_medial_half_width_74": 0.043964803,
        "right_medial_half_width_82": 0.0427104,
        "right_medial_half_width_90": 0.039878886,
        "right_plastic_height": 0.15240991,
        "right_short_heel_girth": 0.35064876,
        "right_waist_girth": 0.25807509,
        "right_waist_lateral_half_width": 0.050598294,
        "right_width": 0.10742705
    },
    "size_gender": "male"
}