{
    "measurements": {
        "left_ankle_wrap": 0.21829277,
        "left_arch_height": 0.010564568,
        "left_back_arch_gap_90": 0.0041686213,
        "left_ball_girth": 0.21869227,
        "left_bauer_fit": 0.42040503,
        "left_forefoot_height": 0.031167572,
        "left_heel_to_ball": 0.15622447,
        "left_heel_width": 0.054332413,
        "left_height_80": 0.031167572,
        "left_height_90": 0.022067061,
        "left_instep_girth": 0.21424004,
        "left_instep_height": 0.055078354,
        "left_lateral_half_width": 0.049798083,
        "left_lateral_half_width_44": 0.041805722,
        "left_lateral_half_width_50": 0.045226544,
        "left_lateral_half_width_58": 0.048688974,
        "left_lateral_half_width_66": 0.049511667,
        "left_lateral_half_width_74": 0.0487596,
        "left_lateral_half_width_82": 0.040831018,
        "left_lateral_half_width_90": 0.025691077,
        "left_length": 0.21399076,
        "left_medial_half_width": 0.034572978,
        "left_medial_half_width_44": 0.028333403,
        "left_medial_half_width_50": 0.028418602,
        "left_medial_half_width_58": 0.030129641,
        "left_medial_half_width_66": 0.03299382,
        "left_medial_half_width_74": 0.034495465,
        "left_medial_half_width_82": 0.034323819,
        "left_medial_half_width_90": 0.031688288,
        "left_plastic_height": 0.15094882,
        "left_short_heel_girth": 0.28427914,
        "left_waist_girth": 0.21499783,
        "left_waist_lateral_half_width": 0.040336147,
        "left_width": 0.08437106,
        "right_ankle_wrap": 0.21090358,
        "right_arch_height": 0.010873677,
        "right_back_arch_gap_90": 0.0071083694,
        "right_ball_girth": 0.21576186,
        "right_bauer_fit": 0.42065114,
        "right_forefoot_height": 0.030237708,
        "right_heel_to_ball": 0.15957223,
        "right_heel_width": 0.054139435,
        "right_height_80": 0.030237708,
        "right_height_90": 0.01999001,
        "right_instep_girth": 0.21500874,
        "right_instep_height": 0.051841207,
        "right_lateral_half_width": 0.05080184,
        "right_lateral_half_width_44": 0.045182541,
        "right_lateral_half_width_50": 0.047592908,
        "right_lateral_half_width_58": 0.05073069,
        "right_lateral_half_width_66": 0.049609344,
        "right_lateral_half_width_74": 0.045932282,
        "right_lateral_half_width_82": 0.0352091,
        "right_lateral_half_width_90": 0.020573506,
        "right_length": 0.21956572,
        "right_medial_half_width": 0.034373667,
        "right_medial_half_width_44": 0.030796418,
        "right_medial_half_width_50": 0.031070493,
        "right_medial_half_width_58": 0.0312949,
        "right_medial_half_width_66": 0.033057962,
        "right_medial_half_width_74": 0.034304738,
        "right_medial_half_width_82": 0.032378487,
        "right_medial_half_width_90": 0.031846669,
        "right_plastic_height": 0.15289855,
        "right_short_heel_girth": 0.28298375,
        "right_waist_girth": 0.21822155,
        "right_waist_lateral_half_width": 0.043351654,
        "right_width": 0.085175507
    },
    "size_gender": "female"
}