{
    "measurements": {
        "left_ankle_wrap": 0.23803684,
        "left_arch_height": 0.010646709,
        "left_back_arch_gap_90": 0.014305031,
        "left_ball_girth": 0.26302505,
        "left_bauer_fit": 0.52732289,
        "left_forefoot_height": 0.035469823,
        "left_heel_to_ball": 0.22336935,
        "left_heel_width": 0.07420776,
        "left_height_80": 0.035469823,
        "left_height_90": 0.027247176,
        "left_instep_girth": 0.25956827,
        "left_instep_height": 0.066053353,
        "left_lateral_half_width": 0.061817884,
        "left_lateral_half_width_44": 0.051933624,
        "left_lateral_half_width_50": 0.055454016,
        "left_lateral_half_width_58": 0.0600667,
        "left_lateral_half_width_66": 0.06178917,
        "left_lateral_half_width_74": 0.061528903,
        "left_lateral_half_width_82": 0.05081838,
        "left_lateral_half_width_90": 0.030331094,
        "left_length": 0.28128448,
        "left_medial_half_width": 0.044710882,
        "left_medial_half_width_44": 0.038742352,
        "left_medial_half_width_50": 0.037701603,
        "left_medial_half_width_58": 0.038410924,
        "left_medial_half_width_66": 0.041180857,
        "left_medial_half_width_74": 0.043475933,
        "left_medial_half_width_82": 0.044656415,
        "left_medial_half_width_90": 0.04264887,
        "left_plastic_height": 0.15273002,
        "left_short_heel_girth": 0.35831803,
        "left_waist_girth": 0.26585686,
        "left_waist_lateral_half_width": 0.050481386,
        "left_width": 0.10652877,
        "right_ankle_wrap": 0.24451408,
        "right_arch_height": 0.01089644,
        "right_back_arch_gap_90": 0.016829919,
        "right_ball_girth": 0.26439694,
        "right_bauer_fit": 0.52665186,
        "right_forefoot_height": 0.034135837,
        "right_heel_to_ball": 0.20656765,
        "right_heel_width": 0.072304904,
        "right_height_80": 0.034135837,
        "right_height_90": 0.024417067,
        "right_instep_girth": 0.26209423,
        "right_instep_height": 0.06356816,
        "right_lateral_half_width": 0.063679367,
        "right_lateral_half_width_44": 0.050739106,
        "right_lateral_half_width_50": 0.055031314,
        "right_lateral_half_width_58": 0.060538363,
        "right_lateral_half_width_66": 0.062762439,
        "right_lateral_half_width_74": 0.063661836,
        "right_lateral_half_width_82": 0.051257674,
        "right_lateral_half_width_90": 0.028471546,
        "right_length": 0.2804918,
        "right_medial_half_width": 0.043268375,
        "right_medial_half_width_44": 0.042325452,
        "right_medial_half_width_50": 0.041785263,
        "right_medial_half_width_58": 0.040927269,
        "right_medial_half_width_66": 0.041837342,
        "right_medial_half_width_74": 0.043246403,
        "right_medial_half_width_82": 0.040475257,
        "right_medial_half_width_90": 0.041063372,
        "right_plastic_height": 0.15180866,
        "right_short_heel_girth": 0.35767666,
        "right_waist_girth": 0.26682118,
        "right_waist_lateral_half_width": 0.048751444,
        "right_width": 0.10694774
    },
    "size_gender": "male"
}