{
    "measurements": {
        "left_ankle_wrap": 0.23806648,
        "left_arch_height": 0.017628284,
        "left_back_arch_gap_90": 0.0075012883,
        "left_ball_girth": 0.24209742,
        "left_bauer_fit": 0.48508355,
        "left_forefoot_height": 0.03565634,
        "left_heel_to_ball": 0.21845739,
        "left_heel_width": 0.064478867,
        "left_height_80": 0.03565634,
        "left_height_90": 0.029331727,
        "left_instep_girth": 0.2543771,
        "left_instep_height": 0.068485439,
        "left_lateral_half_width": 0.056202941,
        "left_lateral_half_width_44": 0.04837421,
        "left_lateral_half_width_50": 0.051923361,
        "left_lateral_half_width_58": 0.055806909,
        "left_lateral_half_width_66": 0.0546277,
        "left_lateral_half_width_74": 0.052682597,
        "left_lateral_half_width_82": 0.042274624,
        "left_lateral_half_width_90": 0.028952183,
        "left_length": 0.2757915,
        "left_medial_half_width": 0.040009096,
        "left_medial_half_width_44": 0.034487266,
        "left_medial_half_width_50": 0.035176013,
        "left_medial_half_width_58": 0.035261646,
        "left_medial_half_width_66": 0.036402747,
        "left_medial_half_width_74": 0.038476359,
        "left_medial_half_width_82": 0.04212787,
        "left_medial_half_width_90": 0.045292281,
        "left_plastic_height": 0.15192847,
        "left_short_heel_girth": 0.33576155,
        "left_waist_girth": 0.25280815,
        "left_waist_lateral_half_width": 0.046262376,
        "left_width": 0.096212037,
        "right_ankle_wrap": 0.22758637,
        "right_arch_height": 0.016030103,
        "right_back_arch_gap_90": 0.0086726062,
        "right_ball_girth": 0.24791722,
        "right_bauer_fit": 0.50696331,
        "right_forefoot_height": 0.034481671,
        "right_heel_to_ball": 0.22143096,
        "right_heel_width": 0.068203725,
        "right_height_80": 0.034481671,
        "right_height_90": 0.028069587,
        "right_instep_girth": 0.25866508,
        "right_instep_height": 0.066123523,
        "right_lateral_half_width": 0.058295414,
        "right_lateral_half_width_44": 0.047888644,
        "right_lateral_half_width_50": 0.052000944,
        "right_lateral_half_width_58": 0.057850748,
        "right_lateral_half_width_66": 0.057181109,
        "right_lateral_half_width_74": 0.053235162,
        "right_lateral_half_width_82": 0.042467538,
        "right_lateral_half_width_90": 0.031224774,
        "right_length": 0.27784994,
        "right_medial_half_width": 0.043515161,
        "right_medial_half_width_44": 0.037925195,
        "right_medial_half_width_50": 0.037688259,
        "right_medial_half_width_58": 0.036953077,
        "right_medial_half_width_66": 0.038106617,
        "right_medial_half_width_74": 0.039987236,
        "right_medial_half_width_82": 0.044562571,
        "right_medial_half_width_90": 0.042547327,
        "right_plastic_height": 0.15305139,
        "right_short_heel_girth": 0.3361021,
        "right_waist_girth": 0.25695077,
        "right_waist_lateral_half_width": 0.046198696,
        "right_width": 0.10181057
    },
    "size_gender": "male"
}