{
    "measurements": {
        "left_ankle_wrap": 0.17575759,
        "left_arch_height": 0.0061441045,
        "left_back_arch_gap_90": 0.014621393,
        "left_ball_girth": 0.18167028,
        "left_bauer_fit": 0.34925026,
        "left_forefoot_height": 0.026229862,
        "left_heel_to_ball": 0.13640256,
        "left_heel_width": 0.047131509,
        "left_height_80": 0.026229862,
        "left_height_90": 0.018714817,
        "left_instep_girth": 0.18554389,
        "left_instep_height": 0.044580277,
        "left_lateral_half_width": 0.042234279,
        "left_lateral_half_width_44": 0.033883702,
        "left_lateral_half_width_50": 0.037489109,
        "left_lateral_half_width_58": 0.040413871,
        "left_lateral_half_width_66": 0.041942403,
        "left_lateral_half_width_74": 0.041729931,
        "left_lateral_half_width_82": 0.034492861,
        "left_lateral_half_width_90": 0.022879688,
        "left_length": 0.18933129,
        "left_medial_half_width": 0.028128307,
        "left_medial_half_width_44": 0.031764228,
        "left_medial_half_width_50": 0.029293841,
        "left_medial_half_width_58": 0.028307129,
        "left_medial_half_width_66": 0.027946185,
        "left_medial_half_width_74": 0.027982663,
        "left_medial_half_width_82": 0.025816238,
        "left_medial_half_width_90": 0.023777369,
        "left_plastic_height": 0.15101993,
        "left_short_heel_girth": 0.25482443,
        "left_waist_girth": 0.18890637,
        "left_waist_lateral_half_width": 0.031562753,
        "left_width": 0.070362583,
        "right_ankle_wrap": 0.17153217,
        "right_arch_height": 0.0080477893,
        "right_back_arch_gap_90": 0.013152186,
        "right_ball_girth": 0.18324897,
        "right_bauer_fit": 0.36654237,
        "right_forefoot_height": 0.026313242,
        "right_heel_to_ball": 0.14892195,
        "right_heel_width": 0.046474557,
        "right_height_80": 0.026313242,
        "right_height_90": 0.019138454,
        "right_instep_girth": 0.1869735,
        "right_instep_height": 0.044700917,
        "right_lateral_half_width": 0.045561418,
        "right_lateral_half_width_44": 0.034022115,
        "right_lateral_half_width_50": 0.03705737,
        "right_lateral_half_width_58": 0.040381037,
        "right_lateral_half_width_66": 0.042949952,
        "right_lateral_half_width_74": 0.045428786,
        "right_lateral_half_width_82": 0.038941175,
        "right_lateral_half_width_90": 0.02761397,
        "right_length": 0.18941687,
        "right_medial_half_width": 0.028766863,
        "right_medial_half_width_44": 0.031166675,
        "right_medial_half_width_50": 0.029808199,
        "right_medial_half_width_58": 0.028985376,
        "right_medial_half_width_66": 0.028609958,
        "right_medial_half_width_74": 0.028227074,
        "right_medial_half_width_82": 0.027909584,
        "right_medial_half_width_90": 0.022875112,
        "right_plastic_height": 0.15071502,
        "right_short_heel_girth": 0.25152898,
        "right_waist_girth": 0.18920432,
        "right_waist_lateral_half_width": 0.031982865,
        "right_width": 0.074328281
    },
    "size_gender": "female"
}