{
    "measurements": {
        "left_ankle_wrap": 0.17049041,
        "left_arch_height": 0.0076111523,
        "left_back_arch_gap_90": 0.010287556,
        "left_ball_girth": 0.19058435,
        "left_bauer_fit": 0.38586706,
        "left_forefoot_height": 0.024619048,
        "left_heel_to_ball": 0.15620548,
        "left_heel_width": 0.050095711,
        "left_height_80": 0.024619048,
        "left_height_90": 0.018619508,
        "left_instep_girth": 0.19181766,
        "left_instep_height": 0.047294419,
        "left_lateral_half_width": 0.046283752,
        "left_lateral_half_width_44": 0.035150446,
        "left_lateral_half_width_50": 0.039053384,
        "left_lateral_half_width_58": 0.043058995,
        "left_lateral_half_width_66": 0.045165773,
        "left_lateral_half_width_74": 0.046155814,
        "left_lateral_half_width_82": 0.038848523,
        "left_lateral_half_width_90": 0.026395548,
        "left_length": 0.19747336,
        "left_medial_half_width": 0.031908538,
        "left_medial_half_width_44": 0.031683803,
        "left_medial_half_width_50": 0.030920047,
        "left_medial_half_width_58": 0.030137364,
        "left_medial_half_width_66": 0.030159919,
        "left_medial_half_width_74": 0.031351972,
        "left_medial_half_width_82": 0.031869534,
        "left_medial_half_width_90": 0.032579459,
        "left_plastic_height": 0.15204138,
        "left_short_heel_girth": 0.25126439,
        "left_waist_girth": 0.19249964,
        "left_waist_lateral_half_width": 0.033601522,
        "left_width": 0.078192294,
        "right_ankle_wrap": 0.17246193,
        "right_arch_height": 0.0091285286,
        "right_back_arch_gap_90": 0.013307235,
        "right_ball_girth": 0.19823669,
        "right_bauer_fit": 0.40290627,
        "right_forefoot_height": 0.02337534,
        "right_heel_to_ball": 0.14356388,
        "right_heel_width": 0.050819047,
        "right_height_80": 0.02337534,
        "right_height_90": 0.019171303,
        "right_instep_girth": 0.20001255,
        "right_instep_height": 0.045427315,
        "right_lateral_half_width": 0.050104167,
        "right_lateral_half_width_44": 0.037041888,
        "right_lateral_half_width_50": 0.040709749,
        "right_lateral_half_width_58": 0.046518844,
        "right_lateral_half_width_66": 0.04849739,
        "right_lateral_half_width_74": 0.05010407,
        "right_lateral_half_width_82": 0.043645032,
        "right_lateral_half_width_90": 0.031841524,
        "right_length": 0.19895342,
        "right_medial_half_width": 0.032454487,
        "right_medial_half_width_44": 0.034927338,
        "right_medial_half_width_50": 0.033290997,
        "right_medial_half_width_58": 0.032547835,
        "right_medial_half_width_66": 0.032279391,
        "right_medial_half_width_74": 0.032339793,
        "right_medial_half_width_82": 0.029709736,
        "right_medial_half_width_90": 0.027722858,
        "right_plastic_height": 0.15182446,
        "right_short_heel_girth": 0.2560235,
        "right_waist_girth": 0.19708881,
        "right_waist_lateral_half_width": 0.03495745,
        "right_width": 0.082558654
    },
    "size_gender": "male"
}