{
    "measurements": {
        "left_ankle_wrap": 0.23289265,
        "left_arch_height": 0.010504887,
        "left_back_arch_gap_90": 0.0037177121,
        "left_ball_girth": 0.23197335,
        "left_bauer_fit": 0.45568883,
        "left_forefoot_height": 0.030439306,
        "left_heel_to_ball": 0.18903992,
        "left_heel_width": 0.066294968,
        "left_height_80": 0.030439306,
        "left_height_90": 0.021246286,
        "left_instep_girth": 0.23003563,
        "left_instep_height": 0.059008058,
        "left_lateral_half_width": 0.053496383,
        "left_lateral_half_width_44": 0.043718502,
        "left_lateral_half_width_50": 0.047112916,
        "left_lateral_half_width_58": 0.051897217,
        "left_lateral_half_width_66": 0.053299617,
        "left_lateral_half_width_74": 0.051707208,
        "left_lateral_half_width_82": 0.040720358,
        "left_lateral_half_width_90": 0.02488892,
        "left_length": 0.24885656,
        "left_medial_half_width": 0.038115807,
        "left_medial_half_width_44": 0.033486385,
        "left_medial_half_width_50": 0.033032257,
        "left_medial_half_width_58": 0.033119157,
        "left_medial_half_width_66": 0.035528533,
        "left_medial_half_width_74": 0.03792277,
        "left_medial_half_width_82": 0.0366243,
        "left_medial_half_width_90": 0.034698147,
        "left_plastic_height": 0.15327646,
        "left_short_heel_girth": 0.31196079,
        "left_waist_girth": 0.23172408,
        "left_waist_lateral_half_width": 0.04208184,
        "left_width": 0.09161219,
        "right_ankle_wrap": 0.22718298,
        "right_arch_height": 0.011278088,
        "right_back_arch_gap_90": 0.0050381487,
        "right_ball_girth": 0.2333643,
        "right_bauer_fit": 0.46297932,
        "right_forefoot_height": 0.031458687,
        "right_heel_to_ball": 0.19183825,
        "right_heel_width": 0.066159829,
        "right_height_80": 0.031458687,
        "right_height_90": 0.021646611,
        "right_instep_girth": 0.22893757,
        "right_instep_height": 0.057908874,
        "right_lateral_half_width": 0.054483023,
        "right_lateral_half_width_44": 0.045446772,
        "right_lateral_half_width_50": 0.049289618,
        "right_lateral_half_width_58": 0.052895397,
        "right_lateral_half_width_66": 0.054396957,
        "right_lateral_half_width_74": 0.052359227,
        "right_lateral_half_width_82": 0.041053165,
        "right_lateral_half_width_90": 0.024343979,
        "right_length": 0.25051284,
        "right_medial_half_width": 0.039066739,
        "right_medial_half_width_44": 0.031746611,
        "right_medial_half_width_50": 0.031336062,
        "right_medial_half_width_58": 0.033170581,
        "right_medial_half_width_66": 0.03626167,
        "right_medial_half_width_74": 0.038869988,
        "right_medial_half_width_82": 0.038245622,
        "right_medial_half_width_90": 0.036665082,
        "right_plastic_height": 0.15195796,
        "right_short_heel_girth": 0.30996373,
        "right_waist_girth": 0.23178358,
        "right_waist_lateral_half_width": 0.043595653,
        "right_width": 0.093549758
    },
    "size_gender": "female"
}