{
    "measurements": {
        "left_ankle_wrap": 0.21377227,
        "left_arch_height": 0.012009912,
        "left_back_arch_gap_90": 0.010993607,
        "left_ball_girth": 0.25764722,
        "left_bauer_fit": 0.51495236,
        "left_forefoot_height": 0.032723155,
        "left_heel_to_ball": 0.18899839,
        "left_heel_width": 0.070531934,
        "left_height_80": 0.032723155,
        "left_height_90": 0.027000589,
        "left_instep_girth": 0.2619476,
        "left_instep_height": 0.064714864,
        "left_lateral_half_width": 0.06147898,
        "left_lateral_half_width_44": 0.050545909,
        "left_lateral_half_width_50": 0.054657284,
        "left_lateral_half_width_58": 0.060596421,
        "left_lateral_half_width_66": 0.061458014,
        "left_lateral_half_width_74": 0.059722431,
        "left_lateral_half_width_82": 0.048608515,
        "left_lateral_half_width_90": 0.030233562,
        "left_length": 0.27025923,
        "left_medial_half_width": 0.042501964,
        "left_medial_half_width_44": 0.036911435,
        "left_medial_half_width_50": 0.035544083,
        "left_medial_half_width_58": 0.037109464,
        "left_medial_half_width_66": 0.0409651,
        "left_medial_half_width_74": 0.040851593,
        "left_medial_half_width_82": 0.036966715,
        "left_medial_half_width_90": 0.032323163,
        "left_plastic_height": 0.15323403,
        "left_short_heel_girth": 0.33916965,
        "left_waist_girth": 0.25913975,
        "left_waist_lateral_half_width": 0.04849581,
        "left_width": 0.10398094,
        "right_ankle_wrap": 0.21942514,
        "right_arch_height": 0.013039148,
        "right_back_arch_gap_90": 0.0094349477,
        "right_ball_girth": 0.26115668,
        "right_bauer_fit": 0.51400542,
        "right_forefoot_height": 0.034249593,
        "right_heel_to_ball": 0.18693294,
        "right_heel_width": 0.070601776,
        "right_height_80": 0.034249593,
        "right_height_90": 0.026024031,
        "right_instep_girth": 0.26061124,
        "right_instep_height": 0.06298016,
        "right_lateral_half_width": 0.061886333,
        "right_lateral_half_width_44": 0.050490513,
        "right_lateral_half_width_50": 0.054747656,
        "right_lateral_half_width_58": 0.060388573,
        "right_lateral_half_width_66": 0.061811581,
        "right_lateral_half_width_74": 0.061264642,
        "right_lateral_half_width_82": 0.051653951,
        "right_lateral_half_width_90": 0.034303512,
        "right_length": 0.26618123,
        "right_medial_half_width": 0.042276554,
        "right_medial_half_width_44": 0.042077135,
        "right_medial_half_width_50": 0.040736515,
        "right_medial_half_width_58": 0.039366756,
        "right_medial_half_width_66": 0.041201252,
        "right_medial_half_width_74": 0.041070234,
        "right_medial_half_width_82": 0.035987332,
        "right_medial_half_width_90": 0.031398382,
        "right_plastic_height": 0.1532986,
        "right_short_heel_girth": 0.34334242,
        "right_waist_girth": 0.262793,
        "right_waist_lateral_half_width": 0.048055157,
        "right_width": 0.10416289
    },
    "size_gender": "male"
}